/*--------------------------------*- C++ -*----------------------------------*\
  =========                 |
  \\      /  F ield         | OpenFOAM: The Open Source CFD Toolbox
   \\    /   O peration     | Website:  https://openfoam.org
    \\  /    A nd           | Version:  8
     \\/     M anipulation  |
\*---------------------------------------------------------------------------*/





FoamFile
{
    version     2.0;
    format      ascii;
    class       labelList;
    note        "nPoints:18908  nCells:8940  nFaces:36273  nInternalFaces:17779";
    location    "constant/polyMesh";
    object      neighbour;
}
// * * * * * * * * * * * * * * * * * * * * * * * * * * * * * * * * * * * * * //


17779
(
1
2
1885
1949
3
4
1852
4
5
6
7
8
1818
7
9
9
10
11
10
12
1982
13
14
14
15
1818
13
16
11
17
18
19
17
20
2014
21
22
15
22
23
24
1815
18
21
25
19
26
27
28
27
29
26
30
2045
31
32
23
32
32
33
34
35
34
36
1778
28
31
37
29
38
39
40
37
40
39
41
38
42
2073
43
44
44
35
45
46
45
47
44
48
47
49
1778
50
51
41
52
53
54
50
54
53
55
52
56
2099
51
57
58
57
46
59
60
48
61
49
59
57
62
63
64
1814
65
66
66
67
55
68
69
70
65
70
69
71
68
72
2124
73
67
73
74
64
75
61
75
76
77
78
62
77
73
79
80
81
1849
75
80
82
83
84
85
85
86
74
86
71
87
88
89
84
89
88
90
87
91
2146
92
93
94
95
78
96
97
79
96
95
98
92
99
100
101
101
102
1883
83
95
103
100
104
105
106
106
107
93
107
90
108
109
110
105
110
109
111
108
112
2165
94
113
114
115
115
116
98
117
99
118
98
118
119
120
113
121
104
122
123
124
124
125
125
1916
4194
104
117
126
127
128
129
129
130
114
130
111
131
132
133
128
133
132
134
131
135
2178
116
136
137
138
138
139
136
139
120
140
141
142
121
143
120
143
144
142
145
146
123
147
148
127
149
148
150
150
4162
127
140
151
152
153
154
155
156
156
157
137
157
134
158
159
160
155
160
159
161
158
2185
146
162
163
164
164
165
162
165
141
151
166
167
144
166
145
168
168
169
170
171
170
172
148
149
173
174
175
176
154
177
176
4129
167
178
153
178
179
154
180
180
181
182
183
183
184
163
184
161
185
186
182
186
185
172
187
188
189
189
190
187
190
169
191
191
192
193
194
195
196
171
197
193
198
197
199
174
177
200
175
201
202
203
203
4108
181
204
192
205
180
205
206
207
207
208
209
210
211
212
212
213
188
213
214
211
214
199
215
216
217
217
218
215
218
195
219
219
220
194
221
196
222
223
224
224
225
198
226
221
227
226
228
201
204
229
202
230
203
231
232
233
3060
208
234
235
236
220
237
207
237
238
210
209
234
239
240
238
239
241
242
242
243
216
243
241
228
244
245
246
246
247
244
247
248
249
250
251
222
252
225
253
224
249
254
255
255
256
227
257
252
258
257
259
230
236
260
261
262
231
263
264
233
265
233
266
3043
267
240
268
236
268
269
262
250
270
270
271
271
272
272
273
274
274
275
245
275
259
276
277
278
278
279
276
279
249
251
280
281
282
283
283
284
253
285
256
286
255
281
287
288
288
289
258
290
285
291
290
292
261
263
293
294
295
269
294
264
296
265
297
267
297
298
299
267
300
301
3027
302
303
273
304
304
305
306
307
308
309
310
311
310
312
313
277
313
292
314
315
316
316
317
314
317
281
284
318
319
283
306
320
321
321
322
286
323
289
324
288
319
325
326
326
327
291
328
323
329
328
330
295
296
331
305
332
332
333
297
334
335
299
302
336
335
337
301
338
3012
303
339
303
340
341
312
342
342
343
307
344
309
345
309
311
346
347
348
349
349
350
351
352
315
330
353
354
354
355
353
355
319
322
356
357
321
344
358
359
359
360
324
361
327
362
326
357
363
364
364
365
329
366
361
367
366
368
333
334
369
343
370
370
371
335
372
373
337
340
374
373
375
339
376
2998
341
377
341
378
379
380
381
382
383
345
384
347
385
347
350
386
387
349
352
388
389
389
390
352
380
391
392
368
393
394
393
394
357
360
395
396
359
384
397
398
398
399
362
400
365
401
364
396
402
403
403
404
367
405
400
406
405
407
372
408
409
410
411
408
410
412
373
413
414
375
378
415
414
416
377
417
2985
379
418
379
419
420
381
421
382
422
383
423
411
424
385
425
387
426
387
390
427
428
389
392
429
430
430
431
392
421
432
433
407
434
434
396
399
435
436
398
425
437
438
438
439
401
440
404
441
403
436
442
443
443
444
406
445
440
446
445
447
409
448
413
449
411
450
451
448
450
452
453
454
453
455
419
456
457
455
456
458
418
459
2973
420
460
420
461
462
422
463
423
464
424
465
451
466
426
467
428
468
428
431
469
470
430
433
471
472
472
473
433
463
474
475
447
436
439
476
477
438
467
478
479
479
480
441
481
444
482
443
477
483
484
484
485
446
486
481
487
486
449
488
454
489
451
490
491
488
490
492
455
493
493
494
495
457
496
461
497
495
496
498
460
499
2963
462
500
462
501
502
464
503
465
504
466
505
491
506
468
507
470
508
470
473
509
510
472
475
511
512
512
513
475
503
514
515
477
480
516
517
479
507
518
519
519
520
482
521
485
522
484
517
523
524
524
525
487
521
489
526
494
527
491
528
529
526
528
530
495
531
531
532
533
497
534
501
535
533
534
536
500
537
2954
502
538
502
539
540
504
541
505
542
506
543
529
544
508
545
510
546
510
513
547
548
512
515
549
550
550
551
515
541
552
553
517
520
554
555
519
545
556
557
557
558
522
525
524
555
559
560
560
527
561
532
562
529
563
564
561
563
565
533
566
566
567
568
535
569
539
570
568
569
571
538
572
2946
540
573
540
574
575
542
576
543
577
544
578
564
579
546
580
548
581
548
551
582
583
550
553
584
585
585
586
553
576
587
588
555
558
589
590
557
580
591
592
592
593
560
590
562
594
567
595
564
596
597
594
596
598
568
599
599
600
601
570
602
574
603
601
602
604
573
605
2939
575
606
575
607
608
577
609
578
610
579
611
597
612
581
613
583
614
583
586
615
616
585
588
617
618
618
619
588
609
620
621
590
593
592
613
622
623
623
595
624
600
625
597
626
627
624
626
628
601
629
629
630
631
603
632
607
633
631
632
634
606
635
2933
608
636
608
637
638
610
639
611
640
612
641
627
642
614
643
616
644
616
619
645
646
618
621
647
648
648
649
621
639
650
651
623
643
625
652
630
653
627
654
655
652
654
656
631
657
657
658
659
633
660
637
661
659
660
662
636
663
2928
638
664
638
665
666
640
667
641
668
642
669
655
670
644
646
646
649
648
651
671
672
672
651
667
673
674
653
675
658
676
655
677
678
675
677
679
659
680
680
681
682
661
683
665
684
682
683
685
664
686
2924
666
687
666
688
689
668
690
669
691
670
692
678
693
672
674
674
690
676
694
681
695
678
696
697
694
696
682
698
698
699
700
684
701
688
702
700
701
703
687
704
2921
689
705
689
706
707
691
692
693
697
695
699
697
700
708
708
709
702
710
706
711
709
710
705
712
2919
707
713
707
714
715
709
711
714
713
2918
715
715
717
718
1611
719
720
1588
720
721
722
723
1567
723
724
724
725
726
727
1548
727
728
728
729
729
730
731
732
1532
732
733
733
734
734
735
735
736
737
738
1518
738
739
739
740
740
741
741
742
742
743
744
745
1506
745
746
746
747
747
748
748
749
749
750
750
751
752
753
1496
753
754
754
755
755
756
756
757
757
758
758
759
759
760
761
762
1488
762
763
763
764
764
765
765
766
766
767
767
768
768
769
769
770
771
772
1482
772
773
773
774
774
775
775
776
776
777
777
778
778
779
779
780
780
781
772
782
1476
783
783
784
784
785
785
786
786
787
787
788
788
789
789
790
790
791
791
792
783
793
794
795
795
796
796
797
797
798
798
799
799
800
800
801
801
802
802
803
803
804
805
806
807
807
808
1476
806
809
809
810
810
811
811
812
812
813
813
814
814
815
815
816
816
817
817
818
819
820
821
809
820
821
822
822
823
1477
824
824
825
825
826
826
827
827
828
828
829
829
830
830
831
831
832
832
833
834
835
836
824
834
835
837
823
837
838
839
1479
1484
840
840
841
841
842
842
843
843
844
844
845
845
846
846
847
847
848
848
849
850
851
852
853
850
852
854
838
853
853
855
856
856
857
1491
851
858
858
859
859
860
860
861
861
862
862
863
863
864
864
865
865
866
866
867
868
869
858
868
853
854
855
870
869
871
872
873
857
872
874
875
1500
1512
876
876
877
877
878
878
879
879
880
880
881
881
882
882
883
883
884
884
885
876
886
886
887
871
873
888
889
887
889
874
890
890
891
890
892
893
892
894
1525
895
895
896
896
897
897
898
898
899
899
900
900
901
901
902
902
903
903
904
895
905
905
906
891
907
908
906
908
891
893
907
909
910
911
911
912
910
913
1539
914
914
915
915
916
916
917
917
918
918
919
919
920
920
921
921
922
922
923
924
925
908
924
926
927
927
928
929
912
926
930
931
932
933
933
934
934
935
932
936
1557
925
937
937
938
938
939
939
940
940
941
941
942
942
943
943
944
944
945
945
946
928
947
937
947
931
948
948
949
950
929
951
950
952
935
953
954
954
955
956
957
956
958
958
959
959
960
957
961
1578
962
962
963
963
964
964
965
965
966
966
967
967
968
968
969
969
970
970
971
951
962
955
972
950
972
973
974
952
975
974
976
960
977
978
955
977
979
980
981
982
983
983
984
982
985
985
986
986
987
984
988
1601
989
989
990
990
991
991
992
992
993
993
994
994
995
995
996
996
997
997
998
973
981
999
1000
974
1001
1002
976
989
1003
1002
1004
1005
1006
987
1006
1007
980
1005
1008
981
1009
1010
1011
1012
1013
1013
1014
1014
1015
1012
1016
1016
1017
1017
1018
1015
1019
1629
1003
1003
1020
1020
1021
1021
1022
1022
1023
1023
1024
1024
1025
1025
1026
1026
1027
1027
1028
1000
1001
1029
1011
1030
1002
1031
1032
1004
1020
1033
1008
1034
1035
1036
1035
1037
1018
1037
1038
1009
1039
1010
1040
1041
1042
1011
1041
1043
1044
1045
1045
1046
1046
1047
1047
1048
1044
1049
1049
1050
1050
1051
1048
1052
1657
1053
1053
1054
1054
1055
1055
1056
1056
1057
1057
1058
1058
1059
1059
1060
1060
1061
1030
1031
1062
1043
1063
1032
1064
1033
1065
1053
1065
1036
1039
1066
1067
1068
1068
1069
1067
1070
1051
1070
1071
1042
1072
1073
1074
1042
1075
1076
1043
1075
1074
1077
1078
1079
1079
1080
1080
1081
1081
1082
1082
1083
1078
1084
1084
1085
1085
1086
1083
1688
4380
1087
1087
1088
1088
1089
1089
1090
1090
1091
1091
1092
1092
1093
1093
1094
1094
1095
1063
1096
1097
1077
1098
1065
1096
1099
1087
1069
1072
1100
1101
1102
1103
1104
1069
1103
1105
1106
1107
1104
1108
1086
1108
1109
1073
1102
1110
1111
1076
1110
1077
1112
1112
1113
1114
1115
1116
1116
1117
1117
1118
1118
1119
1119
1120
1120
4392
1115
1121
1121
1122
1122
1123
1099
1099
1124
1124
1125
1125
1126
1126
1127
1127
1128
1128
1129
1129
1130
1130
1131
1097
1132
1133
1134
1114
1133
1135
1132
1101
1136
1137
1107
1138
1111
1136
1139
1140
1140
1141
1106
1139
1142
1107
1143
1138
1144
1145
1141
1146
1123
1146
1147
1113
1148
1148
1149
1114
1150
1150
1151
1152
1153
1154
1153
1155
1155
1156
1156
1157
1157
1158
1158
4401
1154
1159
1159
1160
1147
1160
1132
1161
1161
1162
1162
1163
1163
1164
1164
1165
1165
1166
1166
1167
1167
1168
1134
1135
1169
1161
1169
1152
1170
1149
1171
1138
1171
1172
1173
1142
1174
1175
1176
1175
1177
1177
1178
1143
1179
1144
1180
1181
1145
1180
1173
1182
1178
1183
1183
1184
7600
1151
1185
1186
1187
1188
1189
1190
1191
1188
1192
1193
1194
1194
1195
1193
1196
1196
1197
1197
1198
1198
4408
1195
1199
1184
1199
1200
1200
1201
1201
1202
1202
1203
1203
1204
1204
1205
1205
1206
1206
1207
1170
1200
1192
1208
1209
1210
1173
1211
1212
1213
1176
1179
1214
1215
1216
1215
1217
1216
1218
1183
1218
1181
1219
1182
1220
1220
1221
1222
1223
1213
1224
1225
7627
1199
1226
7577
1187
1190
1227
1187
1209
1228
1229
1189
1230
1191
1231
1191
1232
1233
1230
1234
1235
1236
1236
1237
1237
1238
1235
1239
1239
1240
1240
4412
1238
1208
1208
1241
1241
1242
1242
1243
1243
1244
1244
1245
1245
1246
1246
1247
1234
1210
1248
1212
1249
1213
1250
1251
1250
1252
1253
1217
1219
1254
1217
1255
1256
1255
1257
1258
1225
1257
1223
1259
1260
1221
1224
1261
1262
1223
1261
1263
1260
1253
1262
1257
1264
7658
1238
1265
1266
7557
1229
1232
1267
1229
1248
1268
1269
1231
1270
1233
1271
1233
1272
1273
1241
1270
1274
1275
1275
1276
1266
1276
1266
1274
1277
1277
4413
1278
1278
1279
1279
1280
1280
1281
1281
1282
1282
1283
1283
1284
1249
1285
1252
1286
1251
1287
1288
1289
1287
1290
1289
1291
1258
1259
1292
1293
1294
1258
1293
1295
1294
1295
1296
1297
1298
1263
1297
1299
1300
1291
1300
1299
1301
1294
1302
7691
1303
1304
1305
7539
1305
1269
1272
1306
1269
1285
1307
1308
1271
1278
1273
1309
1273
1310
1311
1312
1313
1312
1314
1305
1314
1313
4410
1309
1309
1315
1315
1316
1316
1317
1317
1318
1318
1319
1319
1320
1286
1321
1290
1322
1288
1323
1324
1325
1325
1326
1323
1327
1326
1328
1295
1296
1302
1302
1329
1330
1298
1301
1330
1331
1332
1333
1328
1333
1331
1332
1334
1335
4353
7523
1305
1314
1334
1308
1310
1336
1308
1321
1337
1338
1311
1311
1339
1315
1340
1341
1341
4403
1340
1339
1339
1342
1342
1343
1343
1344
1344
1345
1345
1346
1322
1347
1327
1348
1324
1349
1350
1351
1351
1352
1352
1353
1349
1354
1353
1355
1330
1356
1357
1357
1358
1358
1359
1359
1360
1335
1340
1361
4370
1338
1339
1342
1338
1347
1362
1363
1361
1361
4394
1363
1363
1364
1364
1365
1365
1366
1366
1367
1348
1368
1354
1369
1350
1370
1371
1372
1372
1373
1373
1374
1355
1374
1370
1375
1360
1376
1357
1377
1378
1378
1379
1379
1380
1380
1381
4383
1363
1364
1368
1382
1382
1383
1383
1384
1384
1385
1369
1382
1375
1386
1371
1387
1388
1389
1389
1390
1390
1391
1376
1391
1387
1392
1381
1393
1378
1394
1395
1395
1396
1396
1397
1397
1398
1386
1386
1399
1399
1400
1400
1401
1392
1388
1402
1403
1404
1404
1405
1405
1406
1393
1406
1399
1402
1398
1407
1395
1408
1409
1409
1410
1410
1411
1411
1412
1413
1413
1414
1414
1415
1403
1413
1416
1417
1417
1418
1418
1419
1407
1419
1412
1420
1409
1421
1422
1422
1423
1423
1424
1424
1425
1416
1416
1426
1426
1427
1428
1428
1429
1429
1430
1420
1430
1425
1431
1422
1432
1433
1433
1434
1434
1435
1435
1436
1428
1437
1437
1438
1439
1439
1440
1431
1440
1436
1441
1433
1442
1443
1443
1444
1444
1445
1445
1446
1439
1447
1447
1448
1449
1441
1449
1446
1450
1443
1451
1452
1452
1453
1453
1454
1454
1455
1449
1456
1456
1457
1450
1455
1456
1452
1458
1459
1459
1460
1460
1461
1461
1462
1462
1462
1463
1459
1464
1465
1465
1466
1466
1467
1467
1467
1468
1465
1469
1470
1470
1471
1471
1471
1472
1470
1473
1474
1474
1474
1475
1474
1475
1477
1478
1479
1480
1480
1481
1482
1483
1484
1483
1485
1485
1486
1487
1486
1488
1489
1490
1490
1491
1489
1492
1487
1493
1494
1495
1493
1496
1497
1498
1491
1498
1499
1500
1494
1497
1501
1495
1502
1503
1504
1503
1505
1502
1506
1507
1508
1499
1508
1508
1509
1510
1511
1510
1512
1504
1507
1513
1505
1514
1515
1516
1513
1516
1515
1517
1514
1518
1519
1520
1520
1511
1521
1522
1521
1523
1520
1524
1523
1525
1526
1527
1517
1528
1529
1530
1526
1530
1529
1531
1528
1532
1527
1533
1534
1533
1522
1535
1536
1524
1537
1525
1535
1533
1538
1539
1540
1541
1542
1542
1543
1531
1544
1545
1546
1541
1546
1545
1547
1544
1548
1549
1543
1549
1550
1540
1551
1537
1551
1552
1553
1554
1538
1552
1549
1555
1556
1557
1551
1556
1558
1559
1560
1561
1561
1562
1550
1562
1547
1563
1564
1565
1560
1565
1564
1566
1563
1567
1568
1569
1570
1571
1555
1572
1554
1572
1573
1571
1574
1568
1575
1576
1577
1577
1578
1559
1571
1579
1576
1580
1581
1582
1582
1583
1569
1583
1566
1584
1585
1586
1581
1586
1585
1587
1584
1588
1570
1589
1590
1591
1591
1592
1574
1593
1575
1594
1574
1594
1595
1596
1589
1597
1580
1598
1599
1599
1600
1600
1601
1580
1593
1602
1603
1604
1605
1605
1606
1590
1606
1587
1607
1608
1609
1604
1609
1608
1610
1607
1611
1592
1612
1613
1614
1614
1615
1612
1615
1596
1616
1617
1618
1597
1619
1596
1619
1620
1618
1621
1622
1603
1623
1624
1625
1626
1623
1627
1627
1628
1628
1629
1603
1616
1630
1631
1624
1632
1633
1633
1634
1613
1634
1610
1635
1636
1637
1632
1637
1636
1638
1635
1622
1639
1640
1641
1641
1642
1639
1642
1617
1631
1643
1644
1620
1643
1621
1645
1645
1646
1647
1648
1648
1649
1650
1651
1630
1652
1626
1650
1653
1652
1654
1651
1655
1655
1656
1656
1657
1658
1659
1660
1661
1644
1659
1662
1663
1663
1664
1640
1664
1638
1665
1666
1662
1666
1665
1649
1667
1668
1669
1669
1670
1667
1670
1646
1671
1671
1672
1647
1673
1673
1674
1675
1676
1675
1677
1677
1678
1653
1679
1680
1680
1681
1661
1682
1683
1654
1684
1682
1685
1681
1686
1686
1687
1687
1688
1659
1689
1690
1672
1661
1690
1691
1683
1692
1693
1693
1694
1668
1694
1695
1692
1695
1678
1696
1697
1698
1698
1699
1696
1699
1674
1700
1689
1700
1701
1702
1701
1703
1676
1704
1702
1705
1704
1706
1706
1707
1684
1708
1709
1710
1711
1709
1712
1712
1713
1714
1715
1716
1717
1691
1716
1685
1708
1714
1718
1719
1713
1720
1720
1721
1721
4365
1722
1723
1723
1724
1724
1725
1726
1727
1727
1728
1697
1728
1726
1707
1729
1730
1731
1731
1732
1729
1732
1703
1722
1733
1734
1733
1735
1736
1737
1705
1738
1735
1739
1738
1740
1740
1741
1718
1742
1743
1744
1711
1742
1745
1743
1746
1744
1747
1747
1748
1717
1719
1716
1749
1750
1725
1750
1751
1752
1753
1754
1755
1751
1754
1748
1756
1756
4348
1736
1757
1757
1758
1758
1759
1749
1759
1760
1760
1761
1730
1761
1741
1762
1763
1764
1764
1765
1762
1765
1734
1766
1737
1767
1766
1768
1769
1770
1769
1771
1739
1772
1768
1773
1772
1774
1774
1775
1755
1776
1777
1746
1778
1779
1779
1780
1746
1777
1781
1782
1780
1783
1783
1784
1785
1786
1786
1787
1787
1788
1754
1789
1790
1755
1789
1791
1788
1776
1784
4332
1792
1793
1792
1794
1785
1794
1795
1763
1795
1775
1796
1797
1798
1798
1799
1796
1799
1767
1800
1771
1801
1800
1802
1770
1803
1793
1804
1803
1805
1773
1806
1802
1807
1806
1808
1808
1809
1791
1810
1810
1811
1812
1813
1782
1814
1815
1814
1816
1816
1817
1782
1811
1818
1819
1815
1817
1820
1820
4314
1821
1822
1821
1823
1823
1824
1790
1824
1825
1826
1826
1827
1825
1828
1829
1830
1830
1831
1822
1832
1797
1809
1833
1834
1834
1835
1833
1835
1801
1836
1805
1837
1836
1838
1804
1839
1831
1840
1839
1841
1807
1842
1838
1843
1842
1844
1844
1845
1813
1828
1812
1819
1846
1847
1846
1848
1849
1818
1849
1850
1850
1851
1852
1853
1847
1853
1851
4296
1854
1855
1856
1857
1854
1858
1827
1858
1859
1860
1860
1861
1861
1862
1848
1859
1830
1832
1863
1864
1864
1865
1857
1866
1845
1867
1868
1867
1868
1837
1869
1841
1870
1869
1871
1840
1872
1865
1873
1872
1874
1843
1875
1871
1876
1875
1877
1877
1878
1879
1880
1880
1881
1879
1882
1883
1883
1884
1884
4277
1853
1885
1881
1886
1887
1856
1886
1888
1857
1889
1890
1862
1891
1882
1892
1892
1893
1893
1894
1895
1896
1864
1866
1897
1898
1898
1899
1890
1900
1878
1901
1901
1870
1902
1874
1903
1902
1904
1873
1905
1899
1906
1905
1907
1876
1908
1904
1909
1908
1910
1910
1911
1912
1913
1913
1914
1885
1914
1912
1915
1916
1916
4253
1917
1887
1918
1891
1919
1889
1918
1920
1890
1921
1922
1895
1923
1915
1924
1925
1926
1896
1926
1927
1896
1928
1929
1898
1900
1930
1931
1931
1932
1922
1933
1911
1903
1934
1907
1935
1934
1936
1906
1937
1932
1938
1937
1939
1909
1940
1936
1941
1940
1942
1942
1943
1944
1943
1945
1917
1945
1946
1947
4225
1948
1949
1919
1950
1923
1951
1921
1950
1952
1922
1953
1954
1928
1955
1925
1946
1956
1926
1957
1958
1929
1958
1959
1929
1960
1961
1931
1933
1962
1963
1963
1964
1954
1965
1935
1966
1939
1967
1966
1968
1938
1969
1964
1970
1969
1971
1941
1972
1968
1973
1972
1974
1975
1947
1974
1976
1948
1977
1947
1978
1979
1980
1981
1982
1983
1951
1984
1955
1985
1953
1984
1986
1954
1987
1988
1960
1989
1957
1978
1990
1958
1991
1992
1961
1992
1993
1961
1994
1995
1963
1965
1996
1997
1997
1998
1988
1999
1967
2000
1971
2001
2000
2002
1970
2003
1998
2004
2003
2005
1973
2002
1975
2006
1977
2007
1979
2006
2008
1980
2009
1979
2010
2011
1981
2012
1983
2013
1983
2014
2015
1985
2016
1989
2017
1987
2016
2018
1988
2019
2020
1994
2021
1991
2010
2022
1992
2023
2024
1995
2024
2025
1995
2026
2027
1997
1999
2028
2029
2029
2030
2020
2031
2001
2032
2005
2033
2032
2004
2034
2030
2035
2034
2036
2007
2037
2009
2038
2011
2037
2039
2012
2040
2011
2041
2042
2013
2043
2015
2044
2015
2045
2046
2017
2047
2021
2048
2019
2047
2049
2020
2050
2051
2026
2052
2023
2041
2053
2024
2054
2055
2027
2055
2056
2027
2057
2058
2029
2031
2059
2060
2060
2061
2051
2062
2033
2036
2035
2063
2061
2064
2063
2038
2065
2040
2066
2042
2065
2067
2043
2068
2042
2069
2070
2044
2071
2046
2072
2046
2073
2074
2048
2075
2052
2076
2050
2075
2077
2051
2078
2079
2057
2080
2054
2069
2081
2055
2082
2083
2058
2083
2084
2058
2085
2086
2060
2062
2087
2088
2088
2089
2079
2090
2064
2089
2066
2091
2068
2092
2070
2091
2093
2071
2094
2070
2095
2096
2072
2097
2074
2098
2074
2099
2100
2076
2101
2080
2102
2078
2101
2103
2079
2104
2105
2085
2106
2082
2095
2107
2083
2108
2109
2086
2109
2110
2086
2111
2112
2088
2090
2113
2114
2114
2105
2115
2092
2116
2094
2117
2096
2116
2118
2097
2119
2096
2120
2121
2098
2122
2100
2123
2100
2124
2125
2102
2126
2106
2127
2104
2126
2128
2105
2129
2130
2111
2131
2108
2120
2132
2109
2133
2134
2112
2134
2135
2112
2136
2137
2114
2115
2130
2117
2138
2119
2139
2121
2138
2140
2122
2141
2121
2142
2143
2123
2144
2125
2145
2125
2146
2147
2127
2148
2131
2149
2129
2148
2130
2136
2150
2133
2142
2151
2134
2152
2153
2137
2153
2154
2137
2155
2156
2139
2157
2141
2158
2143
2157
2159
2144
2160
2143
2161
2162
2145
2163
2147
2164
2147
2165
2166
2149
2150
2155
2152
2161
2167
2153
2168
2169
2156
2169
2156
2158
2170
2160
2171
2162
2170
2172
2163
2173
2162
2174
2175
2164
2176
2166
2177
2166
2178
2179
2168
2174
2169
2171
2180
2173
2181
2175
2180
2176
2182
2175
2177
2183
2179
2184
2179
2185
2186
2181
2182
2183
2184
2186
2186
2188
2189
6017
6034
2190
2191
2192
2191
2193
2194
6001
2192
2195
3650
6034
2196
2197
2198
2196
2199
2194
2197
2200
2201
5986
2199
2202
2203
3652
2204
2205
2206
2198
2207
2206
2208
2203
2204
2201
2207
2209
2210
5972
2211
2212
2213
3655
2211
2214
2214
2215
2216
2206
2215
2217
2218
2208
2219
2218
2220
2210
2219
2221
2222
5959
2213
2223
2224
2225
2226
3659
2226
2227
2223
2228
2229
2216
2230
2229
2231
2218
2230
2232
2233
2220
2234
2233
2235
2222
2234
2236
2237
5947
2227
2238
2239
2240
2241
2242
3664
2226
2240
2243
2244
2244
2245
2246
2229
2238
2247
2248
2231
2249
2248
2250
2233
2249
2251
2252
2235
2253
2252
2254
2237
2253
2255
2256
5936
2239
2257
2246
2258
2242
2259
2260
2261
2262
3670
2261
2263
2244
2259
2264
2265
2266
2267
2246
2266
2268
2269
2248
2257
2270
2271
2250
2272
2271
2273
2252
2272
2274
2275
2254
2276
2275
2277
2256
2276
2278
2279
5926
2258
2280
2269
2281
2263
2282
2283
2261
2284
2285
2286
2285
2287
2288
3677
2286
2289
2290
2265
2282
2291
2267
2292
2267
2293
2294
2269
2293
2295
2296
2271
2280
2297
2298
2273
2299
2298
2300
2275
2299
2301
2302
2277
2303
2302
2304
2279
2303
2305
2306
5917
2281
2307
2296
2308
2283
2309
2290
2310
2286
2311
2312
2313
2288
2313
2314
2315
2316
2317
2318
3685
2317
2319
2290
2314
2320
2321
2292
2309
2322
2294
2323
2294
2324
2325
2296
2324
2326
2327
2298
2307
2328
2329
2300
2330
2329
2331
2302
2330
2332
2333
2304
2334
2333
2335
2306
2334
2336
2337
5909
2308
2338
2327
2339
2310
2340
2321
2341
2312
2342
2343
2315
2344
2319
2343
2345
2315
2346
2347
2317
2348
2349
2350
2349
2351
2352
3694
2350
2353
2354
2321
2346
2355
2356
2323
2340
2357
2325
2358
2325
2359
2360
2327
2359
2361
2362
2329
2338
2363
2364
2331
2365
2364
2366
2333
2365
2367
2368
2335
2369
2368
2370
2337
2369
2371
2372
5902
2339
2373
2362
2374
2341
2375
2356
2376
2344
2377
2378
2345
2378
2347
2379
2354
2380
2347
2381
2382
2350
2383
2384
2385
2352
2383
2386
2387
2388
2389
2390
3704
2390
2391
2354
2386
2392
2393
2356
2381
2394
2395
2358
2375
2396
2360
2397
2360
2398
2399
2362
2398
2400
2401
2364
2373
2402
2403
2366
2404
2403
2405
2368
2404
2406
2407
2370
2408
2407
2409
2372
2408
2410
2411
5896
2374
2412
2401
2413
2376
2414
2395
2415
2379
2416
2417
2380
2417
2382
2418
2393
2419
2382
2420
2421
2391
2422
2423
2385
2422
2424
2387
2425
2387
2426
2427
2428
2429
3715
3740
2390
2428
2430
2431
2431
2432
2433
2393
2426
2434
2435
2395
2420
2436
2437
2397
2414
2438
2399
2439
2399
2440
2441
2401
2440
2442
2443
2403
2412
2444
2445
2405
2446
2445
2447
2407
2446
2448
2449
2409
2450
2449
2451
2411
2450
2452
2453
5891
2413
2454
2443
2455
2415
2456
2437
2457
2418
2458
2459
2419
2459
2421
2460
2435
2461
2421
2462
2463
2423
2464
2433
2465
2425
2464
2466
2427
2467
2427
2468
2469
2429
2470
2471
2472
2431
2470
2473
2474
2475
2476
2433
2475
2477
2478
2435
2468
2479
2480
2437
2462
2481
2482
2439
2456
2483
2441
2484
2441
2485
2486
2443
2485
2487
2488
2445
2454
2489
2490
2447
2491
2490
2492
2449
2491
2493
2494
2451
2495
2494
2496
2453
2495
2497
2498
5887
2455
2499
2488
2500
2457
2501
2482
2502
2460
2503
2504
2461
2504
2463
2505
2480
2506
2463
2507
2508
2465
2509
2478
2510
2467
2509
2511
2469
2512
2469
2513
2514
2471
2515
2516
2517
2518
2519
2517
3740
3756
2474
2515
2520
2476
2521
2476
2522
2523
2478
2522
2524
2525
2480
2513
2526
2527
2482
2507
2528
2529
2484
2501
2530
2486
2531
2486
2532
2533
2488
2532
2534
2535
2490
2499
2536
2537
2492
2538
2537
2539
2494
2538
2540
2541
2496
2542
2541
2543
2498
2542
2544
2545
5884
2500
2546
2535
2547
2502
2548
2529
2549
2505
2550
2551
2506
2551
2508
2552
2527
2553
2508
2554
2555
2510
2556
2525
2557
2512
2556
2558
2514
2559
2514
2560
2561
2516
2562
2519
2563
2564
2565
3775
2519
2564
2566
2567
2521
2562
2568
2523
2569
2523
2570
2571
2525
2570
2572
2573
2527
2560
2574
2575
2529
2554
2576
2577
2531
2548
2578
2533
2579
2533
2580
2581
2535
2580
2582
2583
2537
2546
2584
2585
2539
2586
2585
2587
2541
2586
2588
2589
2543
2590
2589
2591
2545
2590
5882
2547
2592
2583
2593
2549
2594
2577
2595
2552
2596
2597
2553
2597
2555
2598
2575
2599
2555
2600
2601
2557
2602
2573
2603
2559
2602
2604
2561
2605
2561
2606
2607
2563
2608
2567
2609
2565
2610
2611
3797
2567
2610
2612
2613
2569
2608
2614
2571
2615
2571
2616
2617
2573
2616
2618
2619
2575
2606
2620
2621
2577
2600
2622
2623
2579
2594
2624
2581
2625
2581
2626
2627
2583
2626
2628
2629
2585
2592
2630
2631
2587
2632
2631
2633
2589
2632
2634
2635
2591
2635
2593
2636
2629
2637
2595
2638
2623
2639
2598
2640
2641
2599
2641
2601
2642
2621
2643
2601
2644
2645
2603
2646
2619
2647
2605
2646
2648
2607
2649
2607
2650
2651
2609
2652
2613
2653
2611
2654
2655
3822
2613
2654
2656
2657
2615
2652
2658
2617
2659
2617
2660
2661
2619
2660
2662
2663
2621
2650
2664
2665
2623
2644
2666
2667
2625
2638
2668
2627
2669
2627
2670
2671
2629
2670
2672
2673
2631
2636
2674
2675
2633
2676
2675
2677
2635
2676
2637
2678
2673
2679
2639
2680
2667
2681
2642
2682
2683
2643
2683
2645
2684
2665
2685
2645
2686
2687
2647
2688
2663
2689
2649
2688
2690
2651
2691
2651
2692
2693
2653
2694
2657
2695
2655
2696
2697
3850
2657
2696
2698
2699
2659
2694
2700
2661
2701
2661
2702
2703
2663
2702
2704
2705
2665
2692
2706
2707
2667
2686
2708
2709
2669
2680
2710
2671
2711
2671
2712
2713
2673
2712
2714
2715
2675
2678
2716
2717
2677
2717
2679
2718
2715
2719
2681
2720
2709
2721
2684
2722
2723
2685
2723
2687
2724
2707
2725
2687
2726
2727
2689
2728
2705
2729
2691
2728
2730
2693
2731
2693
2732
2733
2695
2734
2699
2735
2697
2736
2737
3879
2699
2736
2738
2739
2701
2734
2740
2703
2741
2703
2742
2743
2705
2742
2744
2745
2707
2732
2746
2747
2709
2726
2748
2749
2711
2720
2750
2713
2751
2713
2752
2753
2715
2752
2754
2755
2717
2718
2719
2755
2721
2756
2749
2757
2724
2758
2759
2725
2759
2727
2760
2747
2761
2727
2762
2763
2729
2764
2745
2765
2731
2764
2766
2733
2767
2733
2768
2769
2735
2770
2739
2771
2737
2772
2773
3909
2739
2772
2774
2775
2741
2770
2776
2743
2777
2743
2778
2779
2745
2778
2780
2781
2747
2768
2782
2783
2749
2762
2784
2785
2751
2756
2786
2753
2787
2753
2788
2789
2755
2788
2757
2790
2785
2791
2760
2792
2793
2761
2793
2763
2794
2783
2795
2763
2796
2797
2765
2798
2781
2799
2767
2798
2800
2769
2801
2769
2802
2803
2771
2804
2775
2805
2773
2806
2807
3940
2775
2806
2808
2809
2777
2804
2810
2779
2811
2779
2812
2813
2781
2812
2814
2815
2783
2802
2816
2817
2785
2796
2818
2819
2787
2790
2789
2789
2791
2819
2794
2820
2821
2795
2821
2797
2822
2817
2823
2797
2824
2825
2799
2826
2815
2827
2801
2826
2828
2803
2829
2803
2830
2831
2805
2832
2809
2833
2807
2834
2835
3972
2809
2834
2836
2837
2811
2832
2838
2813
2839
2813
2840
2841
2815
2840
2842
2843
2817
2830
2844
2845
2819
2824
2822
2846
2823
2846
2825
2845
2847
2825
2827
2848
2843
2849
2829
2848
2850
2831
2851
2831
2852
2853
2833
2854
2837
2855
2835
2856
2857
4005
2837
2856
2858
2859
2839
2854
2860
2841
2861
2841
2862
2863
2843
2862
2864
2865
2845
2852
2866
2867
2847
2867
2849
2868
2865
2869
2851
2868
2870
2853
2871
2853
2872
2873
2855
2874
2859
2875
2857
2876
2877
4039
2859
2876
2878
2879
2861
2874
2880
2863
2881
2863
2882
2883
2865
2882
2884
2885
2867
2872
2869
2886
2885
2887
2871
2886
2873
2873
2875
2888
2879
2889
2877
2890
2891
4073
2879
2890
2892
2893
2881
2888
2894
2883
2895
2883
2896
2897
2885
2896
2898
2899
2887
2899
2889
2900
2893
2901
2891
2902
2903
4107
2893
2902
2904
2905
2895
2900
2906
2897
2907
2897
2908
2909
2899
2908
2901
2910
2905
2911
2903
2912
2913
4142
2905
2912
2914
2915
2907
2910
2909
2909
2911
2915
2913
2916
2917
4175
2915
2916
2917
4207
2919
2920
2921
2922
2922
2923
2924
2925
2925
2926
2926
2927
2928
2929
2929
2930
2930
2931
2931
2932
2933
2934
2934
2935
2935
2936
2936
2937
2937
2938
2939
2940
2940
2941
2941
2942
2942
2943
2943
2944
2944
2945
2946
2947
2947
2948
2948
2949
2949
2950
2950
2951
2951
2952
2952
2953
2954
2955
2955
2956
2956
2957
2957
2958
2958
2959
2959
2960
2960
2961
2961
2962
2963
2964
2964
2965
2965
2966
2966
2967
2967
2968
2968
2969
2969
2970
2970
2971
2971
2972
2973
2974
2974
2975
2975
2976
2976
2977
2977
2978
2978
2979
2979
2980
2980
2981
2981
2982
2982
2983
2984
2985
2984
2986
2986
2987
2987
2988
2988
2989
2989
2990
2990
2991
2991
2992
2992
2993
2993
2994
2994
2995
2996
2997
2997
2998
2996
2999
2999
3000
3000
3001
3001
3002
3002
3003
3003
3004
3004
3005
3005
3006
3006
3007
3007
3008
3009
3010
3010
3011
3011
3012
3009
3013
3013
3014
3014
3015
3015
3016
3016
3017
3017
3018
3018
3019
3019
3020
3020
3021
3021
3022
3023
3024
3024
3025
3025
3026
3026
3027
3023
3028
3028
3029
3029
3030
3030
3031
3031
3032
3032
3033
3033
3034
3034
3035
3035
3036
3036
3037
3038
3039
3039
3040
3040
3041
3027
3041
3042
3043
3038
3044
3044
3045
3045
3046
3046
3047
3047
3048
3048
3049
3049
3050
3050
3051
3051
3052
3052
3053
3054
3055
3055
3056
3056
3057
3042
3057
3057
3058
3059
3059
3060
3054
3061
3061
3062
3062
3063
3063
3064
3064
3065
3065
3066
3066
3067
3067
3068
3068
3069
3069
3070
3071
3072
3072
3073
3073
3074
3074
3074
3075
3076
3077
3060
3075
3078
4108
3071
3079
3079
3080
3080
3081
3081
3082
3082
3083
3083
3084
3084
3085
3085
3086
3086
3087
3087
3088
3089
3090
3090
3091
3077
3091
3077
3078
3092
3092
3093
3094
3095
3095
3092
3096
4074
3089
3097
3097
3098
3098
3099
3099
3100
3100
3101
3101
3102
3102
3103
3103
3104
3104
3105
3105
3106
3107
3108
3108
3109
3095
3109
3110
3095
3109
3111
3110
3111
3112
3113
3110
3114
3115
4040
3107
3116
3116
3117
3117
3118
3118
3119
3119
3120
3120
3121
3121
3122
3122
3123
3123
3124
3124
3125
3126
3127
3126
3128
3128
3114
3112
3128
3129
3130
3114
3130
3131
3132
3133
3133
3134
3135
4006
3127
3136
3136
3137
3137
3138
3138
3139
3139
3140
3140
3141
3141
3142
3142
3143
3143
3144
3144
3145
3129
3146
3146
3147
3129
3148
3131
3148
3149
3150
3133
3149
3151
3152
3134
3152
3153
3153
3154
3155
3973
3147
3156
3156
3157
3157
3158
3158
3159
3159
3160
3160
3161
3161
3162
3162
3163
3163
3164
3164
3165
3148
3166
3166
3167
3150
3151
3168
3166
3168
3169
3170
3169
3171
3172
3155
3172
3173
3174
3175
3941
3175
3176
3167
3177
3177
3178
3178
3179
3179
3180
3180
3181
3181
3182
3182
3183
3183
3184
3184
3185
3185
3186
3187
3187
3188
3170
3187
3171
3189
3189
3190
3191
3192
3176
3191
3193
3194
3195
3196
3910
3175
3195
3197
3198
3198
3199
3200
3188
3201
3201
3202
3202
3203
3203
3204
3204
3205
3205
3206
3206
3207
3207
3208
3208
3209
3209
3210
3190
3190
3211
3192
3212
3212
3193
3213
3213
3214
3200
3215
3216
3217
3218
3880
3196
3219
3218
3220
3198
3219
3221
3222
3223
3224
3200
3223
3225
3226
3211
3227
3227
3228
3228
3229
3229
3230
3230
3231
3231
3232
3232
3233
3233
3234
3234
3235
3235
3236
3212
3237
3214
3215
3238
3237
3238
3226
3239
3240
3241
3242
3851
3218
3240
3243
3244
3220
3245
3246
3244
3247
3248
3222
3245
3249
3224
3250
3224
3251
3252
3226
3251
3253
3254
3237
3255
3255
3256
3256
3257
3257
3258
3258
3259
3259
3260
3260
3261
3261
3262
3262
3263
3263
3264
3265
3239
3265
3254
3266
3242
3267
3268
3269
3270
3823
3270
3271
3244
3267
3272
3273
3274
3275
3246
3276
3248
3277
3248
3274
3278
3279
3250
3276
3280
3252
3281
3252
3282
3283
3254
3282
3284
3285
3265
3286
3286
3287
3287
3288
3288
3289
3289
3290
3290
3291
3291
3292
3292
3293
3293
3294
3294
3295
3266
3285
3286
3271
3296
3297
3270
3298
3299
3298
3300
3301
3798
3302
3302
3303
3304
3273
3296
3305
3275
3306
3275
3307
3308
3277
3309
3279
3310
3279
3307
3311
3312
3281
3309
3313
3283
3314
3283
3315
3316
3285
3315
3317
3318
3318
3318
3319
3319
3320
3320
3321
3321
3322
3322
3323
3323
3324
3324
3325
3325
3326
3326
3327
3297
3328
3304
3329
3301
3330
3302
3330
3331
3332
3333
3334
3773
3776
3334
3335
3336
3337
3304
3336
3338
3339
3306
3328
3340
3308
3341
3308
3342
3343
3310
3344
3312
3345
3312
3342
3346
3347
3314
3344
3348
3316
3349
3316
3350
3351
3318
3319
3350
3352
3352
3353
3353
3354
3354
3355
3355
3356
3356
3357
3357
3358
3358
3359
3359
3360
3329
3361
3339
3362
3335
3363
3364
3332
3363
3365
3337
3366
3334
3367
3793
3368
3368
3369
3370
3337
3371
3372
3339
3371
3373
3374
3341
3361
3375
3343
3376
3343
3377
3378
3345
3379
3347
3380
3347
3377
3381
3382
3349
3379
3383
3351
3384
3351
3352
3385
3385
3385
3386
3386
3387
3387
3388
3388
3389
3389
3390
3390
3391
3391
3392
3392
3393
3362
3394
3374
3395
3364
3396
3370
3397
3366
3396
3398
3372
3399
3368
3400
3401
3817
3402
3403
3370
3402
3404
3405
3372
3406
3407
3374
3406
3408
3409
3376
3394
3410
3378
3411
3378
3412
3413
3380
3414
3382
3415
3382
3412
3416
3417
3384
3414
3418
3385
3386
3418
3418
3419
3419
3420
3420
3421
3421
3422
3422
3423
3423
3424
3424
3425
3395
3426
3409
3427
3397
3428
3405
3429
3399
3428
3430
3407
3431
3401
3432
3843
3403
3433
3403
3434
3435
3405
3434
3436
3437
3407
3438
3439
3409
3438
3440
3441
3411
3426
3442
3413
3443
3413
3444
3445
3415
3446
3417
3447
3417
3444
3448
3449
3446
3446
3450
3450
3451
3451
3452
3452
3453
3453
3454
3454
3455
3455
3456
3427
3457
3441
3458
3429
3459
3437
3460
3431
3459
3461
3439
3462
3433
3463
3872
3435
3464
3435
3465
3466
3437
3465
3467
3468
3439
3469
3470
3441
3469
3471
3472
3443
3457
3473
3445
3474
3445
3475
3476
3447
3449
3450
3449
3475
3477
3478
3478
3478
3479
3479
3480
3480
3481
3481
3482
3482
3483
3483
3484
3458
3485
3472
3486
3460
3487
3468
3488
3462
3487
3489
3470
3490
3464
3491
3902
3466
3492
3466
3493
3494
3468
3493
3495
3496
3470
3497
3498
3472
3497
3499
3500
3474
3485
3501
3476
3502
3476
3503
3504
3478
3479
3503
3505
3505
3506
3506
3507
3507
3508
3508
3509
3509
3510
3486
3511
3500
3512
3488
3513
3496
3514
3490
3513
3515
3498
3516
3492
3517
3933
3494
3518
3494
3519
3520
3496
3519
3521
3522
3498
3523
3524
3500
3523
3525
3526
3502
3511
3527
3504
3528
3504
3505
3529
3529
3529
3530
3530
3531
3531
3532
3532
3533
3533
3534
3512
3535
3526
3536
3514
3537
3522
3538
3516
3537
3539
3524
3540
3518
3541
3965
3520
3542
3520
3543
3544
3522
3543
3545
3546
3524
3547
3548
3526
3547
3549
3550
3528
3535
3551
3529
3530
3551
3551
3552
3552
3553
3553
3554
3554
3555
3536
3556
3550
3557
3538
3558
3546
3559
3540
3558
3560
3548
3561
3542
3562
3998
3544
3563
3544
3564
3565
3546
3564
3566
3567
3548
3568
3569
3550
3568
3570
3571
3556
3556
3572
3572
3573
3573
3574
3574
3575
3557
3571
3572
3559
3576
3567
3577
3561
3576
3578
3569
3579
3563
3580
4032
3565
3581
3565
3582
3583
3567
3582
3584
3585
3569
3586
3587
3571
3586
3588
3589
3589
3589
3590
3590
3591
3591
3592
3577
3593
3585
3594
3579
3593
3595
3587
3596
3581
3597
4066
3583
3598
3583
3599
3600
3585
3599
3601
3602
3587
3603
3604
3589
3590
3603
3605
3605
3606
3606
3607
3594
3608
3602
3609
3596
3608
3610
3604
3611
3598
3612
4100
3600
3613
3600
3614
3615
3602
3614
3616
3617
3604
3605
3618
3618
3618
3619
3619
3620
3609
3621
3617
3622
3611
3621
3623
3618
3619
3613
3624
4135
3615
3625
3615
3626
3627
3617
3626
3628
3629
3623
3623
3630
3622
3631
3629
3632
3631
3625
3633
4168
3627
3634
3627
3635
3636
3629
3635
3637
3638
3631
3639
3632
3638
3639
3634
3640
4200
3636
3641
3636
3642
3643
3638
3642
3644
3645
3645
3641
3646
4232
3643
3647
3643
3648
3649
3645
3648
3647
4259
3649
3649
3651
3652
6053
3653
3654
6073
3653
3655
3656
3657
3657
3658
6094
3656
3659
3660
3661
3661
3662
3662
3663
6118
3660
3664
3665
3666
3666
3667
3667
3668
3668
3669
6143
3665
3670
3671
3672
3672
3673
3673
3674
3674
3675
3675
3676
6169
3671
3677
3678
3679
3678
3680
3680
3681
3681
3682
3682
3683
3683
3684
6198
3679
3685
3686
3687
3687
3688
3686
3689
3689
3690
3690
3691
3691
3692
3692
3693
6230
3688
3694
3695
3696
3696
3697
3697
3698
3695
3699
3699
3700
3700
3701
3701
3702
3702
3703
6265
3698
3704
3705
3706
3706
3707
3707
3708
3708
3709
3705
3710
3710
3711
3711
3712
3712
3713
3713
3714
6304
3709
3715
3716
3717
3717
3718
3718
3719
3719
3720
3720
3721
3716
3722
3722
3723
3723
3724
3724
3725
3725
3726
8177
3721
3727
3728
3729
3729
3730
3730
3731
3731
3732
3732
3733
3733
3734
3728
3735
3735
3736
3736
3737
3737
3738
3738
3739
8179
3734
3740
3741
3742
3743
3743
3744
3744
3745
3745
3746
3746
3747
3747
3748
3748
3749
3742
3750
3750
3751
3751
3752
3752
3753
3753
3754
8182
3755
3756
3749
3755
3757
3758
3759
3759
3760
3760
3761
3761
3762
3762
3763
3763
3764
3764
3765
3765
3766
3758
3767
3767
3768
3768
3769
3769
3770
3770
3771
8186
3772
3773
3774
3772
3775
3766
3773
3776
3777
3778
3777
3779
3779
3780
3780
3781
3781
3782
3782
3783
3783
3784
3784
3785
3785
3786
3778
3787
3787
3788
3788
3789
3789
3790
3790
3791
8191
3774
3792
3793
3794
3794
3795
3792
3796
3797
3786
3798
3799
3800
3800
3801
3799
3802
3802
3803
3803
3804
3804
3805
3805
3806
3806
3807
3807
3808
3808
3809
3801
3810
3810
3811
3811
3812
3812
3813
3813
3814
8197
3795
3815
3816
3794
3817
3818
3818
3819
3820
3797
3815
3821
3822
3809
3823
3824
3825
3825
3826
3826
3827
3824
3828
3828
3829
3829
3830
3830
3831
3831
3832
3832
3833
3833
3834
3834
3835
3827
3836
3836
3837
3837
3838
3838
3839
3839
3840
8204
3816
3841
3820
3842
3818
3843
3844
3845
3846
3820
3845
3847
3848
3822
3841
3849
3850
3835
3851
3852
3853
3853
3854
3854
3855
3855
3856
3852
3857
3857
3858
3858
3859
3859
3860
3860
3861
3861
3862
3862
3863
3863
3864
3856
3865
3865
3866
3866
3867
3867
3868
3868
3869
8212
3842
3870
3848
3871
3844
3872
3846
3873
3846
3874
3875
3848
3874
3876
3877
3850
3870
3878
3879
3864
3880
3881
3882
3882
3883
3883
3884
3884
3885
3885
3886
3881
3887
3887
3888
3888
3889
3889
3890
3890
3891
3891
3892
3892
3893
3893
3894
3886
3895
3895
3896
3896
3897
3897
3898
3898
3899
8221
3871
3900
3877
3901
3873
3902
3875
3903
3875
3904
3905
3877
3904
3906
3907
3879
3900
3908
3909
3894
3910
3911
3912
3912
3913
3913
3914
3914
3915
3915
3916
3916
3917
3911
3918
3918
3919
3919
3920
3920
3921
3921
3922
3922
3923
3923
3924
3924
3925
3917
3926
3926
3927
3927
3928
3928
3929
3929
3930
8231
3901
3931
3907
3932
3903
3933
3905
3934
3905
3935
3936
3907
3935
3937
3938
3909
3931
3939
3940
3925
3941
3942
3943
3943
3944
3944
3945
3945
3946
3946
3947
3947
3948
3948
3949
3942
3950
3950
3951
3951
3952
3952
3953
3953
3954
3954
3955
3955
3956
3956
3957
3949
3958
3958
3959
3959
3960
3960
3961
3961
3962
8242
3932
3963
3938
3964
3934
3965
3936
3966
3936
3967
3968
3938
3967
3969
3970
3940
3963
3971
3972
3957
3973
3974
3975
3975
3976
3976
3977
3977
3978
3978
3979
3979
3980
3980
3981
3981
3982
3974
3983
3983
3984
3984
3985
3985
3986
3986
3987
3987
3988
3988
3989
3989
3990
3982
3991
3991
3992
3992
3993
3993
3994
3994
3995
8254
3964
3996
3970
3997
3966
3998
3968
3999
3968
4000
4001
3970
4000
4002
4003
3972
3996
4004
4005
3990
4006
4007
4008
4008
4009
4009
4010
4010
4011
4011
4012
4012
4013
4013
4014
4014
4015
4015
4016
4007
4017
4017
4018
4018
4019
4019
4020
4020
4021
4021
4022
4022
4023
4023
4024
4016
4025
4025
4026
4026
4027
4027
4028
4028
4029
8267
3997
4030
4003
4031
3999
4032
4001
4033
4001
4034
4035
4003
4034
4036
4037
4005
4030
4038
4039
4024
4040
4041
4042
4042
4043
4043
4044
4044
4045
4045
4046
4046
4047
4047
4048
4048
4049
4049
4050
4050
4051
4041
4052
4052
4053
4053
4054
4054
4055
4055
4056
4056
4057
4057
4058
4058
4059
4051
4060
4060
4061
4061
4062
4029
4062
4063
7415
8281
4031
4064
4037
4065
4033
4066
4035
4067
4035
4068
4069
4037
4068
4070
4071
4039
4064
4072
4073
4059
4074
4075
4076
4075
4077
4077
4078
4078
4079
4079
4080
4080
4081
4081
4082
4082
4083
4083
4084
4084
4085
4085
4086
4076
4087
4087
4088
4088
4089
4089
4090
4090
4091
4091
4092
4092
4093
4093
4094
4086
4095
4095
4096
4063
4096
4096
4097
7416
4065
4098
4071
4099
4067
4100
4069
4101
4069
4102
4103
4071
4102
4104
4105
4073
4098
4106
4107
4094
4108
4109
4110
4109
4111
4110
4112
4112
4113
4113
4114
4114
4115
4115
4116
4116
4117
4117
4118
4118
4119
4119
4120
4120
4121
4111
4122
4122
4123
4123
4124
4124
4125
4125
4126
4126
4127
4127
4128
4128
4129
4121
4130
4130
4130
4131
4132
7418
4099
4133
4105
4134
4101
4135
4103
4136
4103
4137
4138
4105
4137
4139
4140
4107
4133
4141
4142
4129
4143
4144
4144
4145
4143
4146
4145
4147
4147
4148
4148
4149
4149
4150
4150
4151
4151
4152
4152
4153
4153
4154
4154
4155
4132
4155
4146
4156
4156
4157
4157
4158
4158
4159
4159
4160
4160
4161
4161
4162
4162
4132
4163
4164
4165
7421
4164
4134
4166
4140
4167
4136
4168
4138
4169
4138
4170
4171
4140
4170
4172
4173
4142
4166
4174
4175
4176
4177
4176
4178
4178
4179
4177
4180
4179
4181
4181
4182
4182
4183
4183
4184
4184
4185
4185
4186
4186
4187
4187
4188
4164
4188
4180
4189
4189
4190
4190
4191
4191
4192
4192
4193
4193
4194
4194
4195
4196
4197
7425
4165
4188
4196
4167
4198
4173
4199
4169
4200
4171
4201
4171
4202
4203
4173
4202
4204
4205
4175
4198
4206
4207
4208
4209
4208
4210
4209
4211
4211
4212
4210
4213
4212
4214
4214
4215
4215
4216
4216
4217
4217
4218
4218
4219
4219
4220
4220
4213
4221
4221
4222
4222
4223
4223
4224
4224
4225
4225
4226
4227
4228
7431
4197
4220
4227
4229
4199
4230
4205
4231
4201
4232
4203
4233
4203
4234
4235
4205
4234
4236
4237
4207
4230
4238
4239
4238
4240
4239
4241
4240
4242
4242
4243
4241
4244
4243
4245
4245
4246
4246
4247
4247
4248
4248
4249
4229
4249
4229
4244
4250
4250
4251
4251
4252
4252
4253
4253
4254
4255
4256
7439
4228
4257
4255
4258
4257
4231
4237
4233
4259
4235
4260
4235
4261
4262
4237
4261
4263
4264
4264
4265
4263
4266
4265
4267
4266
4268
4268
4269
4267
4270
4269
4271
4271
4272
4272
4273
4273
4274
4257
4274
4270
4275
4275
4276
4276
4277
4277
4278
4279
4280
7448
4256
4281
4279
4282
4258
4274
4281
4260
4262
4262
4283
4284
4284
4285
4285
4286
4283
4287
4286
4288
4287
4289
4289
4290
4288
4291
4290
4292
4292
4293
4293
4294
4294
4291
4295
4295
4296
4296
4297
4298
4299
7458
4280
4300
4299
4301
4282
4294
4300
4302
4303
4304
4304
4305
4305
4306
4306
4307
4303
4308
4307
4309
4308
4310
4310
4311
4309
4312
4311
4313
4302
4313
4302
4312
4314
4314
4315
4316
4317
7469
4299
4316
4318
4319
4301
4320
4319
4321
4320
4322
4323
4323
4324
4324
4325
4325
4326
4326
4327
4322
4328
4327
4329
4328
4330
4330
4331
4329
4332
4320
4331
4332
4316
4333
4334
4335
4334
4336
4337
7481
4319
4335
4338
4339
4321
4331
4339
4340
4341
4341
4342
4342
4343
4343
4344
4344
4345
4345
4346
4340
4347
4346
4348
4347
4349
4349
4348
4335
4350
4351
4337
4351
4352
4353
4354
4355
7494
4354
4356
4339
4352
4357
4349
4358
4359
4359
4360
4360
4361
4361
4362
4362
4363
4363
4364
4364
4365
4357
4358
4365
4357
4352
4366
4367
4356
4367
4368
4369
4370
7508
4355
4371
4369
4372
4371
4373
4368
4368
4374
4374
4375
4375
4376
4376
4377
4377
4378
4378
4379
4379
4380
4380
4368
4374
4381
4373
4381
4370
4382
4383
4372
4384
4382
4385
4384
4386
4387
4387
4388
4388
4389
4389
4390
4390
4391
4391
4392
4392
4386
4387
4383
4393
4394
4385
4395
4393
4396
4395
4397
4397
4397
4398
4398
4399
4399
4400
4400
4401
4401
4394
4402
4403
4396
4404
4402
4405
4404
4404
4406
4406
4407
4407
4408
4408
4403
4409
4410
4405
4406
4409
4411
4411
4412
4412
4410
4411
4413
4413
4413
4415
4416
7413
4417
4418
7408
4418
4419
4420
4421
7400
4421
4422
4422
4423
4424
4425
7390
4425
4426
4426
4427
4427
4428
4429
4430
7378
4430
4431
4431
4432
4432
4433
4433
4434
4435
4436
7365
4436
4437
4437
4438
4438
4439
4439
4440
4440
4441
4442
4443
7348
4443
4444
4444
4445
4445
4446
4446
4447
4447
4448
4448
4449
4450
4451
7330
4451
4452
4452
4453
4453
4454
4454
4455
4455
4456
4456
4457
4457
4458
4459
4460
7309
4460
4461
4461
4462
4462
4463
4463
4464
4464
4465
4465
4466
4466
4467
4467
4468
4469
4470
7286
4470
4471
4471
4472
4472
4473
4473
4474
4474
4475
4475
4476
4476
4477
4477
4478
4478
4479
4480
4481
7235
4480
4482
4482
4483
4483
4484
4484
4485
4485
4486
4486
4487
4487
4488
4488
4489
4489
4490
4490
4491
4482
4492
4492
4493
7208
4494
4494
4495
4495
4496
4496
4497
4497
4498
4498
4499
4499
4500
4500
4501
4501
4502
4502
4503
4504
4505
4505
4506
7180
4504
4507
4507
4508
4508
4509
4509
4510
4510
4511
4511
4512
4512
4513
4513
4514
4514
4515
4515
4516
4517
4518
4506
4518
4519
4520
4521
7152
4517
4522
4522
4523
4523
4524
4524
4525
4525
4526
4526
4527
4527
4528
4528
4529
4529
4530
4530
4531
4522
4532
4520
4532
4533
4534
7148
4521
4535
4533
4536
4537
4537
4538
4538
4539
4539
4540
4540
4541
4541
4542
4542
4543
4543
4544
4544
4545
4545
4546
4535
4547
4536
4548
4549
4548
4550
7121
4536
4551
4552
4547
4553
4553
4554
4554
4555
4555
4556
4556
4557
4557
4558
4558
4559
4559
4560
4560
4561
4561
4562
4551
4563
4564
4565
4552
4564
4566
4567
4568
4565
4569
7121
4552
4570
4566
4563
4571
4571
4572
4572
4573
4573
4574
4574
4575
4575
4576
4576
4577
4577
4578
4578
4579
4579
4580
4570
4571
4581
4582
4569
4581
4570
4583
4568
4582
4584
4583
4585
4586
4587
8400
4588
4589
4589
4590
4590
4591
4591
4592
4592
4593
4593
4594
4594
4595
4595
4596
4596
4597
4597
4598
4587
4599
4584
4599
4600
4588
4601
4585
4602
4601
4603
4604
4605
8380
4599
4604
4606
4607
4589
4608
4609
4609
4610
4610
4611
4611
4612
4612
4613
4613
4614
4614
4615
4615
4616
4616
4617
4617
4618
4619
4602
4619
4620
4621
4622
4608
4623
4603
4622
4623
4624
4625
4626
4625
4627
8361
4607
4626
4628
4619
4629
4609
4630
4630
4630
4631
4631
4632
4632
4633
4633
4634
4634
4635
4635
4636
4636
4637
4637
4638
4638
4639
4640
4621
4641
4642
4640
4643
4624
4642
4644
4645
4644
4646
4647
4648
4628
4647
4649
4648
5161
8342
4629
4650
4640
4651
4645
4645
4652
4652
4653
4653
4654
4654
4655
4655
4656
4656
4657
4657
4658
4658
4659
4659
4660
4643
4661
4643
4662
4663
4646
4663
4664
4665
4666
4666
4667
4668
4669
4670
4670
5162
4650
4669
4671
4672
4673
4651
4673
4661
4674
4666
4675
4675
4676
4676
4677
4677
4678
4678
4679
4679
4680
4680
4681
4681
4682
4682
4683
4664
4684
4685
4686
4664
4687
4688
4667
4687
4684
4666
4668
4675
4689
4690
4689
4691
4692
4693
4693
5168
4672
4694
4695
4692
4696
4674
4695
4685
4697
4698
4691
4691
4699
4699
4700
4700
4701
4701
4702
4702
4703
4703
4704
4704
4705
4705
4706
4688
4707
4686
4697
4707
4708
4709
4710
4709
4711
4690
4712
4710
4713
4712
4696
4714
4715
4715
5174
4696
4716
4717
4698
4717
4718
4708
4719
4719
4720
4721
4722
4712
4723
4723
4724
4724
4725
4725
4726
4726
4727
4727
4728
4728
4729
4729
4730
4711
4731
4731
4732
4733
4734
4733
4735
4736
4737
4713
4723
4735
4718
4738
4739
4740
4741
4739
5180
4718
4742
4743
4722
4742
4744
4738
4720
4732
4745
4746
4722
4745
4747
4744
4748
4748
4749
4749
4750
4750
4751
4751
4752
4752
4753
4753
4754
4754
4755
4736
4756
4746
4756
4734
4757
4737
4758
4748
4757
4759
4760
4760
4761
4743
4762
4763
5186
4741
4763
4764
4762
4765
4766
4767
4768
4769
4766
4770
4771
4747
4768
4772
4773
4773
4774
4772
4775
4776
4776
4777
4777
4778
4778
4779
4779
4780
4780
4781
4781
4782
4782
4783
4774
4784
4758
4776
4761
4785
4760
4784
4786
4787
4787
4788
4771
4789
4764
5192
5208
4765
4790
4789
4791
4767
4770
4792
4793
4769
4775
4792
4794
4793
4795
4795
4796
4797
4798
4799
4800
4800
4801
4802
4803
4794
4799
4785
4785
4804
4804
4805
4805
4806
4806
4807
4807
4808
4808
4809
4809
4810
4803
4811
4788
4787
4811
4812
4813
4804
4813
4798
4814
4815
4816
4791
4817
5208
4814
4818
4819
4820
4821
4820
4822
4821
4823
4796
4822
4824
4825
4798
4825
4826
4815
4823
4827
4828
4829
4802
4829
4830
4803
4831
4832
4833
4833
4834
4834
4835
4835
4836
4836
4837
4837
4838
4838
4839
4832
4840
4813
4840
4841
4833
4816
4819
4826
4842
4842
4843
4818
4844
5208
4845
4846
4847
4848
4843
4847
4849
4850
4849
4851
4824
4850
4852
4853
4854
4855
4855
4856
4856
4857
4828
4852
4858
4829
4859
4860
4831
4860
4861
4832
4862
4863
4841
4841
4864
4864
4865
4865
4866
4866
4867
4867
4868
4868
4869
4863
4870
4870
4857
4871
4871
4872
4848
4873
5222
5264
4847
4874
4875
4848
4874
4876
4872
4873
4877
4878
4854
4879
4853
4878
4880
4853
4881
4882
4883
4884
4885
4886
4885
4887
4887
4888
4859
4881
4889
4860
4890
4891
4862
4891
4892
4863
4893
4894
4870
4895
4895
4896
4896
4897
4897
4898
4898
4899
4899
4900
4894
4888
4901
4875
4901
4876
4902
4903
4904
4904
4905
4903
4906
4878
4879
4907
4908
4884
4909
4882
4908
4910
4882
4911
4912
4884
4886
4913
4914
4915
4916
4915
4917
4918
4919
4918
4920
4890
4911
4921
4891
4922
4923
4893
4923
4924
4894
4925
4895
4925
4925
4926
4926
4927
4927
4928
4928
4929
4929
4930
4905
4920
4906
5264
5297
4931
4932
4932
4933
4933
4934
4931
5332
4908
4909
4935
4936
4914
4937
4912
4936
4938
4912
4939
4940
4914
4917
4941
4942
4916
4943
4919
4944
4943
4945
4946
4947
4946
4948
4934
4949
4922
4939
4950
4923
4951
4952
4925
4926
4952
4953
4953
4954
4954
4955
4955
4956
4956
4957
4958
5367
4958
4959
4959
4960
4961
4962
4936
4937
4963
4964
4942
4965
4940
4964
4966
4940
4967
4968
4942
4945
4969
4970
4944
4971
4948
4972
4971
4973
4947
4974
4949
4975
4974
4976
4962
4977
4951
4967
4978
4952
4979
4953
4979
4979
4980
4980
4981
4981
4982
4982
4983
4984
4985
4986
4987
4961
4987
4988
4962
4989
4990
4964
4965
4991
4992
4970
4993
4968
4992
4994
4968
4995
4996
4970
4973
4997
4998
4972
4999
4976
5000
4999
5001
4975
5002
4977
5003
5002
5004
4990
5005
4979
4980
4995
5006
5006
5007
5007
5008
5008
5009
4985
4986
5010
5011
5405
4987
5012
5013
4989
5013
5014
4990
5015
5016
4992
4993
5017
5018
4998
5019
4996
5018
5020
4996
5006
5021
4998
5001
5022
5023
5000
5024
5004
5025
5024
5026
5003
5027
5005
5028
5027
5029
5016
5030
5021
5021
5031
5031
5032
5032
5033
5011
5012
5034
5035
5451
5013
5036
5037
5015
5037
5038
5016
5039
5040
5018
5019
5041
5042
5023
5043
5021
5031
5042
5023
5026
5044
5045
5025
5046
5029
5047
5046
5048
5028
5049
5030
5050
5049
5051
5040
5052
5053
5053
5054
5054
5055
5035
5036
5056
5057
5500
5037
5058
5059
5039
5059
5060
5040
5061
5062
5042
5043
5063
5053
5045
5064
5045
5048
5065
5066
5047
5067
5051
5068
5067
5069
5050
5070
5052
5071
5070
5072
5062
5073
5063
5063
5074
5074
5075
5057
5058
5076
5077
5550
5059
5078
5079
5061
5079
5080
5062
5081
5082
5064
5066
5074
5066
5069
5083
5084
5068
5085
5072
5086
5085
5087
5071
5088
5073
5089
5088
5090
5082
5091
5084
5084
5092
5077
5078
5093
5094
5600
5079
5095
5096
5081
5096
5097
5082
5098
5099
5084
5087
5092
5086
5100
5090
5101
5100
5102
5089
5103
5091
5104
5103
5105
5099
5106
5102
5094
5095
5107
5108
5650
5096
5109
5110
5098
5110
5111
5099
5112
5113
5101
5114
5105
5115
5114
5104
5116
5106
5117
5116
5118
5113
5119
5108
5109
5120
5121
5700
5110
5122
5123
5112
5123
5124
5113
5125
5126
5115
5118
5117
5127
5119
5128
5127
5126
5129
5121
5122
5130
5131
5750
5123
5132
5133
5125
5133
5134
5126
5135
5136
5128
5129
5136
5131
5132
5137
5138
5796
5133
5139
5140
5135
5140
5136
5138
5139
5838
5140
5142
5143
6585
8253
5144
5145
6568
5144
5146
8266
5147
5148
5148
5149
6548
5147
5150
8280
5151
5152
5152
5153
5153
5154
6525
5151
5155
8294
5156
5157
5157
5158
5158
5159
5159
5160
6498
5156
5161
8309
5162
5163
5163
5164
5164
5165
5165
5166
5166
5167
6469
5162
8325
5168
5168
5169
5169
5170
5170
5171
5171
5172
5172
5173
6435
5174
5174
5175
5175
5176
5176
5177
5177
5178
5178
5179
6399
5180
5180
5181
5181
5182
5182
5183
5183
5184
5184
5185
6361
5186
5186
5187
5187
5188
5188
5189
5189
5190
5190
5191
6323
5192
5192
5193
5193
5194
5194
5195
5195
5196
5196
5197
5198
6296
5199
5199
5200
5200
5201
5201
5202
5202
5203
5204
5198
5204
5205
5206
6337
5207
5208
5207
5209
5209
5210
5210
5211
5212
5204
5211
5213
5214
5206
5214
5215
5216
5217
5218
6377
5219
5220
5221
5221
5222
5219
5223
5224
5224
5225
5226
5227
5212
5228
5226
5229
5214
5228
5230
5231
5232
5233
5216
5232
5234
5218
5235
5218
5236
6414
5237
5238
5239
5240
5241
5221
5240
5242
5222
5242
5224
5238
5243
5225
5243
5244
5227
5245
5244
5246
5229
5247
5248
5245
5249
5250
5231
5247
5251
5233
5252
5233
5253
5254
5235
5253
5255
5237
5256
5237
5257
6450
5258
5239
5259
5260
5261
5241
5262
5260
5263
5262
5264
5259
5265
5265
5266
5246
5267
5268
5266
5269
5270
5248
5271
5250
5272
5250
5267
5273
5274
5252
5271
5275
5254
5276
5254
5277
5278
5256
5277
5279
5258
5280
5258
5281
6482
5282
5261
5283
5284
5285
5286
5287
5284
5288
5289
5290
5263
5291
5292
5286
5293
5294
5295
5291
5296
5297
5283
5298
5299
5299
5300
5301
5302
5268
5303
5270
5304
5270
5300
5305
5306
5272
5307
5274
5308
5274
5303
5309
5310
5276
5307
5311
5278
5312
5278
5313
5314
5280
5313
5315
5282
5316
5282
5317
6511
5318
5290
5319
5320
5321
5285
5288
5322
5323
5287
5293
5322
5324
5323
5325
5290
5325
5326
5321
5292
5296
5295
5327
5324
5328
5295
5328
5329
5330
5327
5331
5331
5332
5299
5319
5333
5302
5301
5334
5335
5336
5333
5335
5304
5337
5306
5338
5306
5334
5339
5340
5308
5341
5310
5342
5310
5337
5343
5344
5312
5341
5345
5314
5346
5314
5347
5348
5316
5347
5349
5318
5350
5318
5351
6536
5352
5320
5353
5354
5355
5326
5354
5356
5357
5356
5358
5357
5359
5358
5360
5360
5361
5330
5362
5359
5363
5330
5363
5364
5365
5362
5366
5366
5367
5353
5368
5336
5369
5368
5370
5370
5371
5338
5372
5340
5373
5340
5369
5374
5375
5342
5376
5344
5377
5344
5372
5378
5379
5346
5376
5380
5348
5381
5348
5382
5383
5350
5382
5384
5352
5385
5352
5386
6559
5387
5355
5388
5361
5389
5389
5390
5391
5392
5391
5393
5392
5394
5393
5395
5394
5396
5396
5397
5365
5398
5399
5400
5365
5401
5402
5403
5398
5404
5404
5405
5388
5406
5371
5407
5406
5408
5408
5409
5373
5410
5375
5411
5375
5407
5412
5413
5377
5414
5379
5415
5379
5410
5416
5417
5381
5414
5418
5383
5419
5383
5420
5421
5385
5420
5422
5387
5423
5387
5424
6578
5425
5390
5426
5397
5427
5427
5428
5429
5430
5431
5432
5433
5434
5435
5436
5399
5433
5437
5438
5439
5440
5441
5442
5443
5400
5444
5402
5445
5402
5403
5446
5447
5442
5448
5449
5450
5449
5451
5426
5452
5453
5454
5452
5455
5453
5455
5456
5411
5457
5413
5458
5413
5454
5459
5460
5415
5461
5417
5462
5417
5457
5463
5464
5419
5461
5465
5421
5466
5421
5467
5468
5423
5467
5469
5425
5470
5425
5471
6593
5472
5428
5473
5474
5475
5476
5477
5430
5432
5478
5434
5479
5432
5436
5480
5481
5434
5482
5483
5436
5438
5484
5485
5444
5482
5486
5439
5487
5441
5488
5441
5475
5489
5490
5443
5491
5450
5492
5445
5493
5447
5494
5447
5448
5495
5496
5491
5497
5450
5498
5499
5498
5500
5501
5502
5454
5503
5504
5502
5505
5503
5505
5506
5458
5507
5460
5508
5460
5504
5509
5510
5462
5511
5464
5512
5464
5507
5513
5514
5466
5511
5515
5468
5516
5468
5517
5518
5470
5517
5519
5472
5520
5472
5521
6605
5522
5477
5501
5523
5475
5476
5524
5525
5477
5526
5527
5479
5481
5528
5483
5529
5481
5485
5530
5531
5483
5532
5533
5485
5487
5534
5535
5493
5532
5536
5488
5537
5490
5538
5490
5525
5539
5540
5492
5541
5499
5542
5494
5543
5496
5544
5496
5497
5545
5546
5541
5547
5499
5548
5549
5548
5550
5502
5551
5552
5504
5553
5554
5552
5555
5553
5555
5556
5508
5557
5510
5558
5510
5554
5559
5560
5512
5561
5514
5562
5514
5557
5563
5564
5516
5561
5565
5518
5566
5518
5567
5568
5520
5567
5569
5522
5570
5522
5571
6615
5572
5527
5551
5573
5525
5526
5574
5575
5527
5576
5577
5529
5531
5578
5533
5579
5531
5535
5580
5581
5533
5582
5583
5535
5537
5584
5585
5543
5582
5586
5538
5587
5540
5588
5540
5575
5589
5590
5542
5591
5549
5592
5544
5593
5546
5594
5546
5547
5595
5596
5591
5597
5549
5598
5599
5598
5600
5552
5601
5602
5554
5603
5604
5602
5605
5603
5605
5606
5558
5607
5560
5608
5560
5604
5609
5610
5562
5611
5564
5612
5564
5607
5613
5614
5566
5611
5615
5568
5616
5568
5617
5618
5570
5617
5619
5572
5620
5572
5621
6622
5622
5577
5601
5623
5575
5576
5624
5625
5577
5626
5627
5579
5581
5628
5583
5629
5581
5585
5630
5631
5583
5632
5633
5585
5587
5634
5635
5593
5632
5636
5588
5637
5590
5638
5590
5625
5639
5640
5592
5641
5599
5642
5594
5643
5596
5644
5596
5597
5645
5646
5641
5647
5599
5648
5649
5648
5650
5602
5651
5652
5604
5653
5654
5652
5655
5653
5655
5656
5608
5657
5610
5658
5610
5654
5659
5660
5612
5661
5614
5662
5614
5657
5663
5664
5616
5661
5665
5618
5666
5618
5667
5668
5620
5667
5669
5622
5670
5622
5671
6628
5672
5627
5651
5673
5625
5626
5674
5675
5627
5676
5677
5629
5631
5678
5633
5679
5631
5635
5680
5681
5633
5682
5683
5635
5637
5684
5685
5643
5682
5686
5638
5687
5640
5688
5640
5675
5689
5690
5642
5691
5649
5692
5644
5693
5646
5694
5646
5647
5695
5696
5691
5697
5649
5698
5699
5698
5700
5652
5701
5702
5654
5703
5704
5702
5705
5703
5705
5706
5658
5707
5660
5708
5660
5704
5709
5710
5662
5711
5664
5712
5664
5707
5713
5714
5666
5711
5715
5668
5716
5668
5717
5718
5670
5717
5719
5672
5720
5672
5721
6632
5722
5677
5701
5723
5675
5676
5724
5725
5677
5726
5727
5679
5681
5728
5683
5729
5681
5685
5730
5731
5683
5732
5733
5685
5687
5734
5735
5693
5732
5736
5688
5737
5690
5738
5690
5725
5739
5740
5692
5741
5699
5742
5694
5743
5696
5744
5696
5697
5745
5746
5741
5747
5699
5748
5749
5748
5750
5702
5751
5752
5704
5753
5754
5752
5755
5753
5755
5756
5708
5757
5710
5758
5710
5754
5759
5760
5712
5761
5714
5762
5714
5757
5763
5764
5716
5761
5765
5718
5766
5718
5767
5768
5720
5767
5722
5722
6631
5727
5751
5769
5725
5726
5770
5771
5727
5772
5773
5729
5731
5774
5733
5775
5731
5735
5776
5777
5733
5778
5779
5735
5737
5780
5781
5743
5778
5782
5738
5783
5740
5784
5740
5771
5785
5786
5742
5787
5749
5788
5744
5789
5746
5790
5746
5747
5791
5792
5787
5793
5749
5794
5795
5794
5796
5752
5797
5798
5754
5799
5800
5798
5801
5799
5801
5802
5758
5803
5760
5804
5760
5800
5805
5806
5762
5807
5764
5808
5764
5803
5809
5810
5766
5807
5768
5768
5773
5797
5811
5771
5772
5812
5813
5773
5814
5815
5775
5777
5816
5779
5817
5777
5781
5818
5819
5779
5820
5821
5781
5783
5822
5823
5789
5820
5824
5784
5825
5786
5826
5786
5813
5827
5828
5788
5829
5795
5830
5790
5831
5792
5832
5792
5793
5833
5834
5829
5835
5795
5836
5837
5836
5838
5798
5839
5840
5800
5841
5842
5840
5843
5841
5843
5844
5804
5845
5806
5846
5806
5842
5847
5848
5808
5810
5810
5845
5815
5839
5849
5813
5814
5850
5851
5815
5852
5853
5817
5819
5854
5821
5855
5819
5823
5856
5857
5821
5858
5859
5823
5825
5860
5861
5831
5858
5826
5862
5828
5863
5828
5851
5864
5865
5830
5866
5837
5867
5832
5834
5834
5835
5866
5837
5868
5869
5868
5840
5870
5871
5842
5872
5873
5871
5874
5872
5874
5846
5848
5848
5873
5853
5870
5875
5851
5852
5876
5877
5853
5878
5879
5855
5857
5859
5857
5861
5859
5861
5862
5863
5865
5865
5877
5867
5869
5869
5871
5880
5881
5873
5881
5879
5880
5877
5878
5879
5881
5883
5884
5885
5886
5886
5887
5888
5889
5888
5890
5890
5891
5892
5893
5893
5894
5892
5895
5895
5896
5897
5898
5898
5899
5899
5900
5897
5901
5901
5902
5903
5904
5904
5905
5905
5906
5906
5907
5903
5908
5908
5909
5910
5911
5911
5912
5912
5913
5913
5914
5914
5915
5910
5916
5916
5917
5918
5919
5919
5920
5920
5921
5921
5922
5922
5923
5923
5924
5918
5925
5925
5926
5927
5928
5928
5929
5929
5930
5930
5931
5931
5932
5932
5933
5933
5934
5927
5935
5935
5936
5937
5938
5938
5939
5939
5940
5940
5941
5941
5942
5942
5943
5943
5944
5944
5945
5937
5946
5946
5947
5948
5949
5949
5950
5950
5951
5951
5952
5952
5953
5953
5954
5954
5955
5955
5956
5956
5957
5948
5958
5958
5959
5960
5961
5961
5962
5962
5963
5963
5964
5964
5965
5965
5966
5966
5967
5967
5968
5968
5969
5969
5970
5960
5971
5971
5972
5973
5974
5973
5975
5975
5976
5976
5977
5977
5978
5978
5979
5979
5980
5980
5981
5981
5982
5982
5983
5983
5984
5974
5985
5985
5986
5987
5988
5988
5989
5987
5990
5990
5991
5991
5992
5992
5993
5993
5994
5994
5995
5995
5996
5996
5997
5997
5998
5998
5999
5989
6000
6000
6001
6002
6003
6003
6004
6004
6005
6002
6006
6006
6007
6007
6008
6008
6009
6009
6010
6010
6011
6011
6012
6012
6013
6013
6014
6014
6015
6001
6005
6016
6017
6018
6019
6019
6020
6020
6021
6016
6021
6018
6022
6022
6023
6023
6024
6024
6025
6025
6026
6026
6027
6027
6028
6028
6029
6029
6030
6030
6031
6021
6032
6033
6033
6034
6035
6036
6036
6037
6037
6038
6038
6035
6039
6039
6040
6040
6041
6041
6042
6042
6043
6043
6044
6044
6045
6045
6046
6046
6047
6047
6048
6038
6049
6050
6051
6049
6052
6052
6053
6054
6055
6055
6056
6051
6056
6051
6054
6057
6057
6058
6058
6059
6059
6060
6060
6061
6061
6062
6062
6063
6063
6064
6064
6065
6065
6066
6052
6067
6067
6068
6069
6070
6069
6071
6072
6072
6073
6074
6075
6075
6076
6069
6076
6074
6077
6077
6078
6078
6079
6079
6080
6080
6081
6081
6082
6082
6083
6083
6084
6084
6085
6085
6086
6071
6087
6087
6088
6089
6090
6070
6076
6090
6087
6091
6092
6092
6093
6093
6094
6095
6096
6096
6097
6097
6095
6098
6098
6099
6099
6100
6100
6101
6101
6102
6102
6103
6103
6104
6104
6105
6105
6106
6106
6107
6108
6108
6109
6110
6111
6090
6110
6112
6097
6108
6113
6114
6115
6115
6116
6116
6117
6117
6118
6119
6120
6112
6120
6112
6119
6121
6121
6122
6122
6123
6123
6124
6124
6125
6125
6126
6126
6127
6127
6128
6128
6129
6129
6130
6113
6113
6131
6132
6133
6111
6134
6133
6135
6134
6136
6136
6137
6138
6139
6137
6140
6140
6141
6141
6142
6142
6143
6144
6145
6134
6145
6144
6146
6146
6147
6147
6148
6148
6149
6149
6150
6150
6151
6151
6152
6152
6153
6153
6154
6154
6155
6136
6156
6157
6158
6133
6157
6159
6160
6135
6145
6160
6138
6161
6162
6156
6163
6162
6163
6164
6165
6161
6166
6166
6167
6167
6168
6168
6169
6170
6171
6171
6170
6172
6172
6173
6173
6174
6174
6175
6175
6176
6176
6177
6177
6178
6178
6179
6179
6180
6180
6181
6182
6183
6184
6158
6185
6184
6186
6160
6185
6187
6171
6188
6189
6189
6190
6164
6182
6191
6192
6190
6191
6193
6194
6188
6195
6195
6196
6196
6197
6197
6198
6187
6199
6187
6199
6200
6200
6201
6201
6202
6202
6203
6203
6204
6204
6205
6205
6206
6206
6207
6207
6208
6208
6209
6192
6210
6211
6184
6210
6212
6213
6186
6214
6213
6215
6214
6216
6217
6217
6218
6218
6219
6194
6220
6220
6221
6222
6219
6223
6224
6225
6223
6226
6216
6227
6227
6228
6228
6229
6229
6230
6214
6231
6231
6232
6232
6233
6233
6234
6234
6235
6235
6236
6236
6237
6237
6238
6238
6239
6239
6240
6240
6241
6211
6242
6222
6243
6213
6242
6244
6245
6215
6231
6245
6246
6247
6246
6248
6248
6249
6249
6250
6226
6251
6252
6222
6251
6253
6254
6225
6255
6250
6256
6257
6258
6256
6259
6255
6260
6261
6247
6262
6262
6263
6263
6264
6264
6265
6266
6266
6267
6267
6268
6268
6269
6269
6270
6270
6271
6271
6272
6272
6273
6273
6274
6274
6275
6275
6276
6243
6277
6254
6278
6245
6277
6279
6266
6280
6281
6280
6282
6281
6283
6283
6284
6284
6285
6252
6286
6261
6287
6254
6286
6288
6289
6259
6290
6291
6257
6292
6293
6294
6285
6294
6295
6296
6292
6297
6298
6261
6290
6299
6300
6282
6301
6301
6302
6302
6303
6303
6304
6279
6279
6305
6305
6306
6306
6307
6307
6308
6308
6309
6309
6310
6310
6311
6311
6312
6312
6313
6313
6314
6278
6315
6289
6316
6315
6317
6318
6318
6319
6317
6320
6319
6321
6321
6322
6322
6323
6287
6324
6300
6325
6289
6324
6326
6327
6291
6328
6298
6329
6293
6330
6331
6332
6333
6334
6295
6334
6335
6336
6323
6335
6337
6298
6330
6338
6339
6300
6328
6340
6341
6320
6342
6342
6343
6343
6344
6344
8177
6315
6345
6345
6346
6346
6347
6347
6348
6348
6349
6349
6350
6350
6351
6351
6352
6352
6353
6353
6354
6316
6327
6345
6355
6356
6356
6357
6357
6358
6355
6359
6358
6360
6360
6361
6361
6325
6362
6341
6363
6327
6362
6364
6365
6329
6366
6339
6367
6331
6368
6332
6369
6333
6370
6371
6372
6336
6371
6373
6337
6374
6374
6375
6376
6377
6339
6368
6378
6379
6341
6366
6380
6381
6359
6382
6382
6383
6383
8178
6365
6365
6384
6384
6385
6385
6386
6386
6387
6387
6388
6388
6389
6389
6390
6390
6391
6391
6392
6393
6394
6394
6395
6395
6396
6396
6397
6393
6398
6397
6399
6399
6363
6400
6381
6401
6365
6384
6400
6367
6402
6379
6403
6369
6404
6370
6405
6372
6406
6373
6407
6407
6408
6376
6409
6377
6410
6411
6376
6410
6412
6413
6414
6415
6379
6404
6416
6417
6381
6402
6418
6419
6398
6420
6420
8181
6421
6421
6422
6422
6423
6423
6424
6424
6425
6425
6426
6426
6427
6427
6428
6428
6429
6430
6431
6431
6432
6432
6433
6433
6434
6434
6435
6430
6436
6435
6401
6421
6419
6437
6403
6438
6417
6439
6405
6440
6406
6441
6408
6442
6409
6443
6443
6444
6413
6445
6411
6446
6415
6447
6413
6446
6448
6449
6415
6450
6451
6417
6440
6452
6453
6419
6438
6454
6455
6436
8185
6437
6437
6456
6456
6457
6457
6458
6458
6459
6459
6460
6460
6461
6461
6462
6462
6463
6464
6465
6465
6466
6466
6467
6467
6468
6468
6469
6469
6464
8190
6455
6439
6470
6453
6471
6441
6472
6442
6473
6444
6474
6445
6475
6475
6476
6449
6477
6447
6478
6451
6479
6449
6478
6480
6481
6451
6482
6483
6453
6472
6484
6485
6455
6470
6486
6456
6486
6486
6487
6487
6488
6488
6489
6489
6490
6490
6491
6491
6492
6492
6493
6494
8196
6494
6495
6495
6496
6496
6497
6497
6498
6498
6471
6499
6485
6500
6473
6501
6474
6502
6476
6503
6477
6504
6504
6505
6481
6506
6479
6507
6483
6508
6481
6507
6509
6510
6483
6511
6512
6485
6501
6513
6514
6499
6499
6515
6515
6516
6516
6517
6517
6518
6518
6519
6519
6520
6520
6521
6522
8203
6522
6523
6523
6524
6524
6525
6525
6500
6514
6515
6502
6526
6503
6527
6505
6528
6506
6529
6529
6530
6510
6531
6508
6532
6512
6533
6510
6532
6534
6535
6512
6536
6537
6514
6526
6538
6539
6539
6539
6540
6540
6541
6541
6542
6542
6543
6543
6544
6544
6545
6546
8211
6546
6547
6547
6548
6548
6527
6549
6528
6550
6530
6551
6531
6552
6552
6553
6535
6554
6533
6555
6537
6556
6535
6555
6557
6558
6537
6559
6560
6539
6540
6549
6561
6561
6562
6562
6563
6563
6564
6564
6565
6565
6566
6567
8220
6567
6568
6568
6550
6561
6551
6569
6553
6570
6554
6571
6571
6572
6558
6573
6556
6574
6560
6575
6558
6574
6576
6577
6560
6578
6579
6569
6569
6580
6580
6581
6581
6582
6582
6583
6583
6584
6585
8230
6585
6570
6572
6580
6573
6586
6586
6587
6577
6588
6575
6589
6579
6590
6577
6589
6591
6592
6579
6593
6594
6587
6587
6595
6595
6596
6596
6597
6597
6598
8241
6588
6599
6599
6592
6600
6590
6601
6594
6602
6592
6601
6603
6604
6594
6605
6606
6599
6607
6607
6608
6608
6609
6609
6610
6600
6604
6607
6602
6611
6606
6612
6604
6611
6613
6614
6606
6615
6616
6614
6614
6617
6617
6618
6618
6619
6612
6620
6616
6621
6614
6617
6620
6616
6622
6623
6624
6624
6625
6625
6626
6621
6624
6623
6627
6623
6628
6629
6627
6627
6630
6630
6631
6629
6629
6632
6630
6632
6632
6634
6635
6636
6637
6637
6638
6639
6640
6640
6641
6641
6642
6643
6644
6644
6645
6645
6646
6646
6647
6648
6649
6649
6650
6650
6651
6651
6652
6652
6653
6654
6655
6655
6656
6656
6657
6657
6658
6658
6659
6659
6660
6661
6662
6662
6663
6663
6664
6664
6665
6665
6666
6666
6667
6667
6668
6669
6670
6670
6671
6671
6672
6672
6673
6673
6674
6674
6675
6675
6676
6676
6677
6678
6679
6679
6680
6680
6681
6681
6682
6682
6683
6683
6684
6684
6685
6685
6686
6686
6687
6688
6689
6689
6690
6690
6691
6691
6692
6692
6693
6693
6694
6694
6695
6695
6696
6696
6697
6697
6698
6699
6700
6700
6701
6701
6702
6702
6703
6703
6704
6704
6705
6705
6706
6706
6707
6707
6708
6708
6709
6709
6710
6711
6712
6712
6713
6713
6714
6714
6715
6715
6716
6716
6717
6717
6718
6718
6719
6719
6720
6720
6721
6721
6722
6722
6723
6724
6725
6724
6726
6726
6727
6727
6728
6728
6729
6729
6730
6730
6731
6731
6732
6732
6733
6733
6734
6734
6735
6735
6736
6736
6737
6738
6739
6738
6740
6739
6741
6741
6742
6743
6744
6744
6745
6745
6746
6746
6747
6747
6748
6748
6749
6749
6750
6750
6751
6751
6752
6752
6753
6740
6754
6754
6755
6756
6757
6755
6758
6743
6758
6759
6744
6760
6761
6761
6762
6762
6763
6763
6764
6764
6765
6765
6766
6766
6767
6767
6768
6768
6769
6769
6770
6757
6771
6771
6772
6773
6774
6771
6773
6775
6772
6776
6760
6776
6777
6761
6778
6779
6779
6780
6780
6781
6781
6782
6782
6783
6783
6784
6784
6785
6785
6786
6786
6787
6787
6788
6789
6789
6790
6791
6792
6792
6793
6789
6791
6794
6795
6790
6796
6778
6796
6797
6779
6798
6799
6799
6800
6800
6801
6801
6802
6802
6803
6803
6804
6804
6805
6805
6806
6806
6807
6807
6808
6795
6795
6809
6810
6811
6793
6811
6812
8618
6809
6810
6813
6809
6809
6814
6798
6814
6815
6799
6816
6817
6817
6818
6818
6819
6819
6820
6820
6821
6821
6822
6822
6823
6823
6824
6824
6825
6825
6826
6814
6827
6828
6829
6812
6829
6829
8619
8620
6827
6828
6830
6831
6816
6831
6832
6833
6834
6833
6835
6835
6836
6836
6837
6837
6838
6838
6839
6839
6840
6840
6841
6841
6842
6842
6843
6843
6844
6831
6845
6846
6829
6830
8620
8640
6845
6847
6846
6834
6846
6848
6835
6849
6849
6850
6851
6851
6852
6852
6853
6853
6854
6854
6855
6855
6856
6856
6857
6857
6858
6858
6859
6859
6860
6847
6848
6848
6861
6862
8640
8641
6850
6862
6863
6864
6865
6863
6865
6864
6866
6866
6867
6867
6868
6868
6869
6869
6870
6870
6871
6871
6872
6872
6873
6873
6874
6874
6875
6862
6876
6877
6878
6878
6879
6866
6880
6879
6880
6881
6881
6882
6882
6883
6883
6884
6884
6885
6885
6886
6886
6887
6887
6888
6888
6889
6889
6890
6877
6891
6892
8641
8645
6878
6893
6879
6894
6895
6896
6896
6897
6897
6898
6898
6899
6899
6900
6900
6901
6901
6902
6902
6903
6903
6904
6904
6905
6905
6906
6906
6907
6892
6893
6908
6909
6910
6894
6911
6912
6913
6895
6911
6896
6914
6915
6898
6915
6916
6916
6917
6917
6918
6918
6919
6919
6920
6920
6921
6921
6922
6922
6923
6923
6924
6924
6925
6910
6912
6926
6927
6928
6910
6929
6930
8607
8645
6931
6914
6932
6913
6926
6932
6933
6915
6934
6935
6935
6936
6936
6937
6937
6938
6938
6939
6939
6940
6940
6941
6941
6942
6942
6943
6943
6944
6944
6945
6933
6946
6928
6946
6947
6931
6948
6930
6949
6950
6931
6951
6948
6952
6934
6953
6953
6954
6935
6955
6936
6956
6956
6957
6957
6958
6958
6959
6959
6960
6960
6961
6961
6962
6962
6963
6963
6964
6964
6965
6954
6966
6948
6966
6967
6968
6950
6969
8559
8607
6951
6970
6952
6971
6968
6972
6973
6974
6955
6975
6975
6976
6956
6977
6977
6977
6978
6978
6979
6979
6980
6980
6981
6981
6982
6982
6983
6983
6984
6984
6985
6985
6986
6976
6987
6968
6987
6988
6972
6970
6989
6990
6991
8534
6971
6991
6974
6992
6993
6988
6994
6974
6994
6995
6993
6996
6997
6996
6998
6997
6997
6999
6999
7000
7000
7001
7001
7002
7002
7003
7003
7004
7004
7005
7005
7006
7006
7007
6998
7008
7008
7009
6990
7010
7011
7012
7013
6992
7011
7014
7015
7016
7017
6995
7016
7009
7018
7018
7019
7020
7021
7021
7022
7023
7021
7024
7024
7025
7025
7026
7026
7027
7027
7028
7028
7029
7029
7030
7030
7031
7031
7032
7033
7034
7033
7035
7013
7036
7037
7017
7037
7038
7013
7039
8487
8534
7040
7016
7041
7042
7017
7041
7043
7019
7038
7035
7044
7042
7044
7021
7022
7024
7023
7045
7034
7046
7045
7045
7047
7047
7048
7048
7049
7049
7050
7050
7051
7051
7052
7052
7053
7053
7054
7055
7056
7055
7057
7058
7059
7040
7060
7061
7062
7060
7063
7064
7065
7043
7065
7040
7066
7067
7068
8464
7068
7069
7070
7070
7071
7069
7072
7058
7071
7046
7047
7057
7073
7073
7074
7074
7075
7075
7076
7076
7077
7077
7078
7078
7079
7079
7080
7056
7081
7059
7082
7073
7081
7083
7084
7084
7085
7061
7063
7086
7087
7068
7087
7088
7089
7090
7086
7091
7065
7091
7092
7072
7067
7093
7094
7095
7096
7095
7097
7098
7098
7099
7099
7100
7092
7097
7101
7101
7102
7102
7103
7103
7104
7104
7105
7105
7106
7106
7107
7107
7108
7082
7101
7085
7109
7084
7100
7110
7111
7111
7112
7113
7114
7088
7114
7115
7116
7090
7115
7117
7095
7118
7113
7119
7119
7120
7094
7121
8421
8464
7096
7122
7118
7123
7123
7124
7120
7125
7125
7126
7127
7128
7128
7129
7109
7109
7130
7130
7131
7131
7132
7132
7133
7133
7134
7134
7135
7135
7136
7112
7111
7129
7137
7138
7130
7138
7139
7140
7116
7140
7141
7142
7142
7143
7118
7141
7144
7145
7139
7146
7146
7147
7122
7148
8400
7124
7148
7145
7149
7150
7151
7149
7152
7153
7154
7155
7127
7154
7156
7128
7157
7158
7158
7159
7160
7160
7161
7161
7162
7162
7163
7163
7164
7164
7165
7165
7166
7138
7159
7167
7160
7168
7169
7143
7168
7170
7171
7171
7172
7172
7173
7145
7170
7174
7150
7175
7176
7155
7175
7177
7152
7151
7153
7174
7178
7178
7179
7180
7181
7179
7181
7155
7182
7183
7157
7182
7184
7158
7185
7186
7186
7187
7167
7167
7188
7188
7189
7189
7190
7190
7191
7191
7192
7192
7193
7187
7194
7195
7176
7195
7196
7197
7198
7198
7199
7199
7200
7194
7200
7201
7197
7202
7176
7203
7204
7183
7203
7205
7202
7206
7206
7207
7181
7208
7207
7183
7209
7210
7185
7209
7211
7186
7212
7213
7188
7213
7214
7214
7215
7215
7216
7216
7217
7217
7218
7218
7219
7195
7220
7221
7204
7221
7222
7223
7224
7224
7225
7226
7227
7227
7228
7220
7228
7229
7223
7230
7204
7231
7232
7210
7231
7233
7230
7234
7208
7234
7235
7210
7236
7237
7212
7236
7238
7213
7239
7214
7239
7239
7240
7240
7241
7241
7242
7242
7243
7243
7244
7221
7245
7246
7232
7246
7247
7248
7249
7250
7251
7226
7250
7252
7227
7253
7254
7254
7255
7245
7255
7256
7248
7257
7232
7258
7259
7237
7258
7260
7235
7257
7261
7237
7262
7263
7239
7240
7262
7264
7264
7265
7265
7266
7266
7267
7267
7268
7246
7269
7270
7259
7270
7271
7272
7273
7251
7272
7274
7251
7275
7276
7253
7275
7277
7254
7278
7279
7279
7280
7269
7280
7281
7261
7282
7259
7283
7284
7263
7283
7285
7286
7287
7263
7264
7288
7288
7288
7289
7289
7290
7290
7291
7291
7292
7270
7293
7294
7284
7294
7295
7273
7296
7282
7297
7276
7296
7298
7276
7299
7300
7278
7299
7301
7279
7302
7303
7303
7304
7293
7304
7305
7287
7306
7284
7307
7308
7288
7289
7307
7287
7309
7310
7311
7311
7312
7312
7313
7313
7314
7294
7315
7316
7308
7316
7317
7297
7318
7306
7319
7300
7318
7320
7300
7321
7322
7302
7321
7323
7303
7324
7325
7325
7326
7315
7326
7327
7310
7328
7308
7311
7329
7310
7330
7331
7329
7329
7332
7332
7333
7333
7334
7316
7335
7336
7329
7332
7336
7319
7337
7328
7338
7322
7337
7339
7322
7340
7341
7324
7340
7342
7325
7343
7344
7344
7345
7335
7345
7346
7331
7347
7331
7348
7349
7350
7350
7351
7351
7352
7336
7353
7350
7338
7354
7347
7355
7341
7354
7356
7341
7357
7358
7343
7357
7359
7344
7360
7361
7361
7362
7353
7362
7363
7349
7364
7349
7365
7366
7353
7353
7363
7363
7367
7355
7368
7364
7369
7358
7368
7370
7358
7371
7372
7360
7371
7373
7361
7374
7375
7375
7376
7376
7366
7377
7366
7378
7379
7376
7380
7369
7381
7377
7382
7372
7381
7383
7372
7384
7385
7374
7384
7386
7375
7387
7388
7388
7379
7389
7379
7390
7391
7388
7392
7382
7393
7389
7394
7385
7393
7395
7385
7396
7397
7387
7396
7398
7388
7392
7391
7399
7391
7400
7401
7398
7394
7402
7399
7403
7397
7402
7404
7397
7405
7406
7405
7401
7407
7401
7408
7409
7403
7410
7407
7411
7406
7410
7406
7409
7412
7409
7413
7414
7411
7412
7414
7414
7416
7417
8296
7418
7419
7419
7420
8312
7421
7422
7422
7423
7423
7424
8330
7425
7426
7426
7427
7427
7428
7428
7429
8349
7430
7431
7430
7432
7432
7433
7433
7434
7434
7435
7436
7437
7438
7437
7439
7438
7440
7440
7441
7441
7442
7443
8349
8389
7442
7443
7444
7445
7446
7446
7447
7445
7448
7447
7449
7449
7450
7450
7451
7452
8411
7451
7452
7453
7454
7455
7455
7456
7456
7457
7454
7458
7457
7459
7459
7460
7460
7461
7462
8433
7461
7462
7463
7464
7465
7465
7466
7466
7467
7467
7468
7464
7469
7468
7470
7470
7471
7471
7472
7473
8456
7472
7473
7474
7475
7476
7476
7477
7477
7478
7478
7479
7479
7480
7475
7481
7480
7482
7482
7483
7483
7484
7485
8480
7484
7485
7486
7487
7488
7487
7489
7489
7490
7490
7491
7491
7492
7492
7493
7488
7494
7493
7495
7495
7496
7496
7497
7498
8504
7497
7498
7499
7500
7501
7501
7502
7500
7503
7503
7504
7504
7505
7505
7506
7506
7507
7502
7508
7507
7509
7509
7510
7510
7511
7512
8529
7511
7512
7513
7514
7515
7515
7516
7516
7517
7514
7518
7518
7519
7519
7520
7520
7521
7521
7522
7517
7523
7522
7524
7524
7525
7525
7526
7527
8555
7526
7527
7528
7529
7530
7530
7531
7531
7532
7532
7533
7529
7534
7534
7535
7535
7536
7536
7537
7537
7538
7533
7539
7538
7540
7540
7541
7541
7542
7543
7544
7542
7544
7545
7546
7547
7547
7548
7548
7549
7549
7550
7550
7551
7546
7552
7552
7553
7553
7554
7554
7555
7555
7556
7551
7557
7556
7558
7558
7559
7559
7560
7561
8555
8605
7561
7562
7560
7562
7563
7564
7565
7566
7566
7567
7567
7568
7568
7569
7569
7570
7570
7571
7565
7572
7572
7573
7573
7574
7574
7575
7575
7576
7571
7577
7576
7578
7578
7579
7579
7580
7581
7582
8628
7582
7583
7584
7564
7584
7585
7580
7586
7587
7588
7588
7589
7589
7590
7590
7591
7591
7592
7592
7593
7593
7594
7587
7595
7595
7596
7596
7597
7597
7598
7598
7599
7594
7600
7599
7601
7601
7602
7603
7581
7604
7602
7605
7606
7607
7608
7584
7608
7609
7610
7586
7610
7611
7604
7612
7613
7614
7614
7615
7615
7616
7616
7617
7617
7618
7618
7619
7619
7620
7620
7621
7613
7622
7622
7623
7623
7624
7624
7625
7625
7626
7621
7627
7626
7628
7629
7603
7630
7628
7631
7605
7632
7630
7633
7634
7635
8628
8657
7608
7635
7636
7637
7610
7637
7638
7639
7612
7639
7640
7632
7641
7642
7643
7643
7644
7644
7645
7645
7646
7646
7647
7647
7648
7648
7649
7649
7650
7650
7651
7642
7652
7652
7653
7653
7654
7654
7655
7655
7656
7657
7651
7658
7629
7659
7656
7660
7631
7661
7659
7662
7633
7663
7661
7664
7635
7665
8670
7666
7637
7666
7667
7668
7639
7668
7669
7670
7641
7670
7671
7663
7672
7673
7674
7674
7675
7675
7676
7676
7677
7677
7678
7678
7679
7679
7680
7680
7681
7681
7682
7682
7683
7673
7684
7684
7685
7685
7686
7686
7687
7688
7657
7689
7687
7690
7683
7691
7660
7692
7689
7693
7662
7694
7692
7695
7664
7696
7694
7697
7666
7698
8684
7699
7668
7699
7700
7701
7670
7701
7702
7703
7672
7703
7704
7696
7705
7706
7707
7707
7708
7708
7709
7709
7710
7710
7711
7711
7712
7712
7713
7713
7714
7714
7715
7715
7716
7716
7717
7706
7718
7718
7719
7719
7720
7721
7688
7722
7720
7723
7690
7724
7722
7725
7717
7693
7726
7724
7727
7695
7728
7726
7729
7697
7730
7728
7731
7699
7732
8699
7733
7701
7733
7734
7735
7703
7735
7736
7737
7705
7737
7738
7730
7739
7740
7741
7741
7742
7742
7743
7743
7744
7744
7745
7745
7746
7746
7747
7747
7748
7748
7749
7749
7750
7750
7751
7751
7740
7752
7752
7753
7754
7721
7755
7753
7756
7723
7757
7755
7758
7725
7759
7757
7760
7727
7761
7759
7762
7729
7763
7761
7764
7731
7765
7763
7766
7733
7767
8715
7768
7735
7768
7769
7770
7737
7770
7771
7772
7739
7772
7773
7765
7774
7775
7776
7776
7777
7777
7778
7778
7779
7779
7780
7780
7781
7781
7782
7782
7783
7783
7784
7784
7785
7785
7786
7786
7775
7787
7788
7754
7789
7788
7790
7756
7791
7789
7792
7758
7793
7791
7794
7760
7795
7793
7796
7762
7797
7795
7798
7764
7799
7797
7800
7766
7801
7799
7802
7768
7803
8732
7804
7770
7804
7805
7806
7772
7806
7807
7808
7774
7808
7809
7801
7810
7811
7812
7813
7813
7814
7814
7815
7815
7816
7816
7817
7817
7818
7818
7819
7819
7820
7820
7821
7821
7822
7822
7823
7823
7788
7812
7824
7825
7790
7826
7825
7827
7792
7828
7826
7829
7794
7830
7828
7831
7796
7832
7830
7833
7798
7834
7832
7835
7800
7836
7834
7837
7802
7838
7836
7839
7804
7840
8750
7841
7806
7841
7842
7843
7808
7843
7844
7845
7810
7845
7838
7812
7846
7847
7848
7847
7849
7850
7850
7851
7851
7852
7852
7853
7853
7854
7854
7855
7855
7856
7856
7857
7857
7858
7858
7859
7859
7825
7848
7860
7861
7827
7862
7861
7863
7829
7864
7862
7865
7831
7866
7864
7867
7833
7868
7866
7869
7835
7870
7868
7871
7837
7872
7870
7873
7839
7872
7841
7874
8769
7875
7843
7875
7876
7877
7845
7877
7848
7878
7879
7849
7879
7880
7881
7882
7882
7883
7884
7884
7885
7885
7886
7886
7887
7887
7888
7888
7889
7889
7890
7890
7891
7891
7892
7892
7861
7880
7893
7894
7863
7895
7894
7896
7865
7897
7895
7898
7867
7899
7897
7900
7869
7901
7899
7902
7871
7903
7901
7904
7873
7903
7875
7905
8789
7906
7877
7906
7880
7907
7908
7881
7908
7909
7910
7911
7883
7911
7912
7913
7912
7914
7915
7914
7916
7916
7917
7917
7918
7918
7919
7919
7920
7920
7921
7921
7922
7922
7894
7909
7923
7924
7896
7925
7924
7926
7898
7927
7925
7928
7900
7929
7927
7930
7902
7931
7929
7932
7904
7931
7906
8810
7909
7933
7934
7910
7933
7935
7936
7937
7913
7937
7915
7938
7938
7939
7940
7941
7942
7942
7943
7940
7944
7944
7945
7945
7946
7946
7947
7947
7948
7948
7949
7949
7924
7935
7950
7951
7926
7952
7951
7953
7928
7954
7952
7955
7930
7956
7954
7957
7932
7956
7936
7958
7935
7958
7959
7960
7961
7962
7939
7961
7943
7963
7963
7964
7965
7966
7967
7942
7966
7968
7969
7969
7970
7965
7971
7971
7972
7972
7973
7973
7974
7974
7975
7975
7951
7960
7976
7977
7953
7978
7977
7979
7955
7980
7978
7981
7957
7980
7962
7982
7960
7982
7983
7984
7964
7985
7985
7986
7970
7987
7987
7988
7989
7990
7991
7967
7992
7990
7993
7969
7992
7994
7995
7995
7996
7989
7997
7997
7998
7998
7999
7999
8000
8000
7977
7984
8001
8002
7979
8003
8002
8004
7981
8003
7986
8005
7984
8005
8006
8007
7988
8008
8008
8009
7996
8010
8010
8011
8012
8013
8014
7991
8015
8013
8016
7993
8017
8015
8018
7995
8017
8019
8020
8020
8021
8012
8022
8022
8023
8023
8024
8024
8002
8007
8025
8026
8004
8026
8009
8027
8007
8027
8028
8029
8011
8030
8030
8031
8021
8032
8032
8033
8034
8035
8036
8014
8037
8035
8038
8016
8039
8037
8040
8018
8041
8039
8042
8020
8041
8043
8044
8044
8045
8034
8046
8046
8047
8047
8026
8029
8031
8048
8029
8048
8033
8049
8049
8050
8045
8051
8051
8052
8053
8054
8055
8036
8056
8054
8057
8038
8058
8056
8059
8040
8060
8058
8061
8042
8062
8060
8063
8044
8062
8064
8065
8065
8066
8053
8067
8067
8050
8052
8068
8068
8066
8069
8069
8070
8071
8072
8073
8055
8074
8072
8075
8057
8076
8074
8077
8059
8078
8076
8079
8061
8080
8078
8081
8063
8082
8080
8083
8065
8082
8084
8085
8085
8086
8071
8070
8086
8087
8087
8088
8089
8073
8090
8088
8091
8075
8092
8090
8093
8077
8094
8092
8095
8079
8096
8094
8097
8081
8098
8096
8099
8083
8100
8098
8101
8085
8100
8102
8103
8103
8104
8104
8089
8105
8106
8091
8107
8105
8108
8093
8109
8107
8110
8095
8111
8109
8112
8097
8113
8111
8114
8099
8115
8113
8116
8101
8117
8115
8118
8103
8117
8119
8120
8120
8106
8121
8122
8108
8123
8121
8124
8110
8125
8123
8126
8112
8127
8125
8128
8114
8129
8127
8130
8116
8131
8129
8132
8118
8133
8131
8134
8120
8133
8122
8135
8136
8124
8137
8135
8138
8126
8139
8137
8140
8128
8141
8139
8142
8130
8143
8141
8144
8132
8145
8143
8146
8134
8145
8136
8147
8148
8138
8149
8147
8150
8140
8151
8149
8152
8142
8153
8151
8154
8144
8155
8153
8156
8146
8155
8148
8157
8158
8150
8159
8157
8160
8152
8161
8159
8162
8154
8163
8161
8164
8156
8163
8158
8165
8166
8160
8167
8165
8168
8162
8169
8167
8170
8164
8169
8166
8171
8172
8168
8173
8171
8174
8170
8173
8172
8175
8176
8174
8175
8176
8178
8179
8180
8181
8180
8182
8183
8184
8183
8185
8184
8186
8187
8188
8188
8189
8187
8190
8189
8191
8192
8193
8193
8194
8194
8195
8192
8196
8195
8197
8198
8199
8199
8200
8200
8201
8201
8202
8198
8203
8202
8204
8205
8206
8205
8207
8207
8208
8208
8209
8209
8210
8206
8211
8210
8212
8213
8214
8214
8215
8213
8216
8216
8217
8217
8218
8218
8219
8215
8220
8219
8221
8222
8223
8223
8224
8224
8225
8222
8226
8226
8227
8227
8228
8228
8229
8225
8230
8229
8231
8232
8233
8233
8234
8234
8235
8235
8236
8232
8237
8237
8238
8238
8239
8239
8240
8236
8241
8240
8242
8243
8244
8244
8245
8245
8246
8246
8247
8247
8248
8243
8249
8249
8250
8250
8251
8251
8252
8248
8253
8252
8254
8255
8256
8256
8257
8257
8258
8258
8259
8259
8260
8260
8261
8255
8262
8262
8263
8263
8264
8264
8265
8261
8266
8265
8267
8268
8269
8269
8270
8270
8271
8271
8272
8272
8273
8273
8274
8274
8275
8268
8276
8276
8277
8277
8278
8278
8279
8275
8280
8279
8281
8282
8283
8283
8284
8284
8285
8285
8286
8286
8287
8287
8288
8288
8289
8289
8290
8282
8291
8291
8292
8292
8293
8281
8293
8290
8294
8295
8296
8297
8298
8298
8299
8299
8300
8300
8301
8301
8302
8302
8303
8303
8304
8304
8305
8305
8306
8297
8307
8307
8308
8295
8308
8306
8309
8308
8310
8311
8311
8312
8313
8314
8313
8315
8315
8316
8316
8317
8317
8318
8318
8319
8319
8320
8320
8321
8321
8322
8322
8323
8314
8324
8324
8323
8325
8324
8326
8327
8328
8328
8329
8329
8330
8331
8332
8327
8332
8331
8333
8333
8334
8334
8335
8335
8336
8336
8337
8337
8338
8338
8339
8339
8340
8340
8341
8327
8341
8342
8343
8344
8345
8346
8344
8346
8347
8347
8348
8348
8349
8350
8351
8344
8350
8351
8352
8352
8353
8353
8354
8354
8355
8355
8356
8356
8357
8357
8358
8358
8359
8359
8360
8360
8361
8344
8350
8362
8362
8363
8364
8365
8364
8366
8366
8367
8367
8368
8368
8369
8369
8370
8370
8371
8371
8372
8372
8373
8373
8374
8374
8375
8375
8376
8376
8377
8377
8378
8378
8379
8379
8380
8365
8369
8381
8382
8383
8384
8381
8385
8382
8386
8385
8387
8387
8388
8388
8389
8386
8386
8390
8390
8391
8391
8392
8392
8393
8393
8394
8394
8395
8395
8396
8396
8397
8397
8398
8398
8399
8399
8400
8401
8402
8384
8403
8402
8404
8405
8406
8405
8407
8401
8408
8403
8408
8409
8409
8410
8410
8411
8403
8412
8412
8413
8413
8414
8414
8415
8415
8416
8416
8417
8417
8418
8418
8419
8419
8420
8420
8421
8421
8422
8423
8422
8424
8407
8424
8425
8426
8427
8406
8428
8426
8429
8412
8428
8423
8430
8430
8431
8431
8432
8432
8433
8434
8434
8435
8435
8436
8436
8437
8437
8438
8438
8439
8439
8440
8440
8441
8441
8442
8442
8443
8444
8444
8445
8443
8446
8426
8447
8448
8449
8446
8448
8450
8451
8429
8434
8449
8452
8445
8453
8453
8454
8454
8455
8455
8456
8452
8452
8457
8457
8458
8458
8459
8459
8460
8460
8461
8461
8462
8462
8463
8463
8464
8465
8466
8466
8467
8467
8468
8465
8469
8449
8470
8471
8451
8471
8472
8469
8473
8474
8475
8475
8476
8472
8468
8477
8477
8478
8478
8479
8479
8480
8472
8481
8481
8482
8482
8483
8483
8484
8484
8485
8485
8486
8486
8487
8487
8488
8489
8488
8490
8490
8491
8491
8492
8489
8493
8472
8481
8494
8476
8494
8493
8495
8496
8497
8475
8497
8498
8499
8499
8500
8492
8501
8501
8502
8502
8503
8503
8504
8505
8505
8506
8506
8507
8507
8508
8508
8509
8509
8510
8510
8511
8512
8511
8513
8512
8514
8514
8515
8515
8516
8513
8517
8500
8505
8517
8518
8519
8520
8497
8520
8521
8522
8499
8522
8523
8524
8524
8525
8516
8526
8526
8527
8527
8528
8528
8529
8525
8525
8530
8530
8531
8531
8532
8532
8533
8533
8534
8535
8536
8536
8537
8535
8538
8537
8539
8539
8540
8540
8541
8538
8542
8542
8543
8544
8545
8520
8545
8546
8547
8522
8547
8548
8549
8524
8549
8550
8551
8551
8541
8552
8552
8553
8553
8554
8554
8555
8551
8556
8556
8557
8557
8558
8558
8559
8559
8560
8561
8561
8562
8562
8563
8560
8564
8563
8565
8565
8566
8566
8567
8564
8568
8568
8569
8570
8571
8545
8571
8572
8573
8547
8573
8574
8575
8549
8575
8576
8577
8551
8556
8577
8567
8578
8578
8579
8579
8580
8580
8581
8581
8582
8582
8583
8583
8584
8585
8585
8586
8586
8587
8587
8588
8584
8589
8588
8590
8590
8591
8591
8592
8589
8593
8593
8594
8595
8571
8595
8596
8597
8573
8597
8598
8599
8575
8599
8600
8601
8577
8601
8602
8581
8592
8603
8603
8604
8604
8605
8602
8602
8606
8606
8607
8608
8609
8609
8610
8610
8611
8611
8612
8612
8613
8608
8614
8613
8615
8615
8616
8616
8617
8614
8595
8618
8619
8597
8619
8620
8621
8599
8621
8622
8623
8601
8623
8624
8625
8625
8617
8626
8626
8627
8627
8628
8625
8629
8629
8630
8631
8631
8632
8632
8633
8633
8634
8634
8635
8635
8636
8630
8636
8637
8637
8638
8638
8639
8619
8621
8640
8623
8640
8641
8642
8625
8629
8642
8639
8643
8643
8644
8644
8645
8646
8646
8647
8647
8648
8648
8649
8649
8650
8650
8651
8651
8652
8652
8653
8653
8654
8654
8655
8642
8645
8655
8656
8656
8657
8658
8658
8659
8659
8660
8660
8661
8661
8662
8662
8663
8663
8664
8664
8665
8665
8666
8666
8667
8667
8668
8668
8669
8670
8671
8671
8672
8672
8673
8673
8674
8674
8675
8675
8676
8676
8677
8677
8678
8678
8679
8679
8680
8680
8681
8682
8670
8681
8683
8684
8685
8685
8686
8686
8687
8687
8688
8688
8689
8689
8690
8690
8691
8691
8692
8692
8693
8693
8694
8695
8682
8696
8695
8697
8684
8696
8698
8699
8700
8700
8701
8701
8702
8702
8703
8703
8704
8704
8705
8705
8706
8706
8707
8707
8708
8709
8695
8708
8710
8711
8697
8712
8711
8713
8699
8712
8714
8715
8716
8716
8717
8717
8718
8718
8719
8719
8720
8720
8721
8721
8722
8722
8723
8724
8709
8725
8724
8726
8711
8725
8727
8728
8713
8729
8728
8730
8715
8729
8731
8732
8733
8733
8734
8734
8735
8735
8736
8736
8737
8737
8738
8738
8739
8740
8724
8740
8741
8742
8726
8743
8742
8744
8728
8743
8745
8746
8730
8747
8746
8748
8732
8747
8749
8750
8751
8751
8752
8752
8753
8753
8754
8754
8755
8755
8756
8757
8740
8757
8758
8759
8742
8759
8760
8761
8744
8762
8761
8763
8746
8762
8764
8765
8748
8766
8765
8767
8750
8766
8768
8769
8770
8770
8771
8771
8772
8772
8773
8773
8774
8775
8757
8775
8776
8777
8759
8777
8778
8779
8761
8779
8780
8781
8763
8782
8781
8783
8765
8782
8784
8785
8767
8786
8785
8787
8769
8786
8788
8789
8790
8790
8791
8791
8792
8792
8793
8794
8775
8794
8795
8796
8777
8796
8797
8798
8779
8798
8799
8800
8781
8800
8801
8802
8783
8803
8802
8804
8785
8803
8805
8806
8787
8807
8806
8808
8789
8807
8809
8810
8811
8811
8812
8812
8813
8814
8794
8814
8815
8816
8796
8816
8817
8818
8798
8818
8819
8820
8800
8820
8821
8822
8802
8822
8823
8824
8804
8825
8824
8826
8806
8825
8827
8828
8808
8829
8828
8830
8810
8829
8831
8831
8832
8833
8814
8833
8834
8835
8816
8835
8836
8837
8818
8837
8838
8839
8820
8839
8840
8841
8822
8841
8842
8843
8824
8843
8844
8845
8826
8846
8845
8847
8828
8846
8848
8849
8830
8849
8850
8851
8833
8851
8852
8853
8835
8853
8854
8855
8837
8855
8856
8857
8839
8857
8858
8859
8841
8859
8860
8861
8843
8861
8862
8863
8845
8863
8864
8865
8847
8866
8865
8867
8849
8866
8851
8868
8869
8853
8869
8870
8871
8855
8871
8872
8873
8857
8873
8874
8875
8859
8875
8876
8877
8861
8877
8878
8879
8863
8879
8880
8881
8865
8881
8882
8883
8867
8883
8869
8884
8885
8871
8885
8886
8887
8873
8887
8888
8889
8875
8889
8890
8891
8877
8891
8892
8893
8879
8893
8894
8895
8881
8895
8896
8897
8883
8897
8885
8898
8899
8887
8899
8900
8901
8889
8901
8902
8903
8891
8903
8904
8905
8893
8905
8906
8907
8895
8907
8908
8909
8897
8909
8899
8910
8911
8901
8911
8912
8913
8903
8913
8914
8915
8905
8915
8916
8917
8907
8917
8918
8919
8909
8919
8911
8920
8921
8913
8921
8922
8923
8915
8923
8924
8925
8917
8925
8926
8927
8919
8927
8921
8928
8929
8923
8929
8930
8931
8925
8931
8932
8933
8927
8933
8929
8934
8935
8931
8935
8936
8937
8933
8937
8935
8938
8939
8937
8939
8939
)


// ************************************************************************* //
